"feature","visit","Drug.Before.Diet","mean","sd","median","incidence"
"Roseburia.Otu2084",1,"DrugBefore_NO",0.00193679200629314,0.00236506893127499,0.00098275885446435,0.9
"Roseburia.Otu2084",1,"DrugBefore_YES",0.00117712309225749,0.00150752716403959,0.000359971202303816,0.538461538461538
"Roseburia.Otu2084",2,"DrugBefore_NO",0.00307100876205412,0.0040671726260994,0.00288778877887789,0.714285714285714
"Roseburia.Otu2084",2,"DrugBefore_YES",0.00209830202246206,0.00189762697780881,0.00197739396457215,0.8
"Roseburia.Otu2084",3,"DrugBefore_NO",0.00305362641112731,0.00372053701588486,0.00146771112846726,0.666666666666667
"Roseburia.Otu2084",3,"DrugBefore_YES",0.00507935323334165,0.00486365792600957,0.00301676237687129,1
"Roseburia.Otu2084",4,"DrugBefore_NO",0.0140649745381453,0.0166009928913447,0.00650609600353383,1
"Roseburia.Otu2084",4,"DrugBefore_YES",0.00574067425179583,0.0070906900469624,0.00312290876645104,0.857142857142857
"Lachnospiraceae.Otu2076",1,"DrugBefore_NO",0.000303333244094626,0.000401063643661607,9.10580950646512e-05,0.5
"Lachnospiraceae.Otu2076",1,"DrugBefore_YES",0.000288537797659055,0.000622514089527454,0,0.230769230769231
"Lachnospiraceae.Otu2076",2,"DrugBefore_NO",0.000829840442890519,0.00107116393411605,0,0.428571428571429
"Lachnospiraceae.Otu2076",2,"DrugBefore_YES",0.00176371644839155,0.00299786674321505,0,0.4
"Lachnospiraceae.Otu2076",3,"DrugBefore_NO",0.000342244889123307,0.000530918351955282,0,0.333333333333333
"Lachnospiraceae.Otu2076",3,"DrugBefore_YES",0.00484098392987833,0.00881547928450373,0.000479209672662931,0.5
"Lachnospiraceae.Otu2076",4,"DrugBefore_NO",0.00578091964704126,0.00448271491559954,0.00508534604526839,0.833333333333333
"Lachnospiraceae.Otu2076",4,"DrugBefore_YES",0.00283871054825414,0.00551558928403075,0,0.428571428571429
"Lachnospiracea_incertae_sedis.Otu0778",1,"DrugBefore_NO",0.00174623685991773,0.00333319203303339,0.000530409011882057,0.7
"Lachnospiracea_incertae_sedis.Otu0778",1,"DrugBefore_YES",0.00186416979927176,0.00378510029178216,0,0.461538461538462
"Lachnospiracea_incertae_sedis.Otu0778",2,"DrugBefore_NO",0.00917175986007049,0.0124689051098681,0.00313172832256802,0.857142857142857
"Lachnospiracea_incertae_sedis.Otu0778",2,"DrugBefore_YES",0.00417623309696212,0.00810102085661361,0.000882133175907586,0.7
"Lachnospiracea_incertae_sedis.Otu0778",3,"DrugBefore_NO",0.000624233990125887,0.000794486720399274,0.00029730051135688,0.5
"Lachnospiracea_incertae_sedis.Otu0778",3,"DrugBefore_YES",0.0112120160383969,0.0165784423452938,0.00188477504846627,0.625
"Lachnospiracea_incertae_sedis.Otu0778",4,"DrugBefore_NO",0.0623756181580933,0.0748519109240873,0.0480109248941244,0.833333333333333
"Lachnospiracea_incertae_sedis.Otu0778",4,"DrugBefore_YES",0.00582094239061261,0.0083732064711742,0.000122316677879029,0.571428571428571
"Roseburia.Otu1051",1,"DrugBefore_NO",0.00371387674297083,0.00525124650734714,0.00191824873227535,0.9
"Roseburia.Otu1051",1,"DrugBefore_YES",0.00155080523886662,0.00273010807680451,0.000401445202729827,0.615384615384615
"Roseburia.Otu1051",2,"DrugBefore_NO",0.00183416955400268,0.00291773822610615,0.000978665100802505,0.857142857142857
"Roseburia.Otu1051",2,"DrugBefore_YES",0.00612164876767293,0.0101959290120545,0.00113214520811076,1
"Roseburia.Otu1051",3,"DrugBefore_NO",0.00774462333347126,0.0128979975781891,0.00273441766754474,0.833333333333333
"Roseburia.Otu1051",3,"DrugBefore_YES",0.00556575450091326,0.00813799735025879,0.00257593154658828,1
"Roseburia.Otu1051",4,"DrugBefore_NO",0.0279545942025451,0.0468198657760383,0.010903315187503,1
"Roseburia.Otu1051",4,"DrugBefore_YES",0.00836901719362081,0.0102827677342148,0.00104329681794471,0.857142857142857
"Roseburia.Otu2637",1,"DrugBefore_NO",0.000645374320084694,0.00106911421677373,0.000391366295130798,0.7
"Roseburia.Otu2637",1,"DrugBefore_YES",0.000283135444818679,0.000606420144487454,0,0.230769230769231
"Roseburia.Otu2637",2,"DrugBefore_NO",0.00106921039363671,0.00152870325746582,0.000161969549724652,0.571428571428571
"Roseburia.Otu2637",2,"DrugBefore_YES",0.00266496182519178,0.00369819406363722,0.000936024550455243,0.7
"Roseburia.Otu2637",3,"DrugBefore_NO",0.000838519060644027,0.00169207321922846,0.000205214213235555,0.666666666666667
"Roseburia.Otu2637",3,"DrugBefore_YES",0.000857364062039089,0.00101076994514502,0.000660112881333451,0.625
"Roseburia.Otu2637",4,"DrugBefore_NO",0.00587921746810469,0.0095391309399988,0.00304559832047481,0.666666666666667
"Roseburia.Otu2637",4,"DrugBefore_YES",0.0029593453045692,0.0035854211256416,0.000669194735668079,0.571428571428571
"Alistipes.Otu1466",1,"DrugBefore_NO",0.0167299376816292,0.0248578402170433,0,0.4
"Alistipes.Otu1466",1,"DrugBefore_YES",0.0063374998300487,0.00843216771496192,0.0031061929722384,0.615384615384615
"Alistipes.Otu1466",2,"DrugBefore_NO",0.000979160963171787,0.00196184304849839,0,0.285714285714286
"Alistipes.Otu1466",2,"DrugBefore_YES",0.0217961951153084,0.0473512929399752,0,0.4
"Alistipes.Otu1466",3,"DrugBefore_NO",0,0,0,0
"Alistipes.Otu1466",3,"DrugBefore_YES",0.00364671921026839,0.00617531497142965,0.000858868061598592,0.625
"Alistipes.Otu1466",4,"DrugBefore_NO",0.000277495143834983,0.000679721508495933,0,0.166666666666667
"Alistipes.Otu1466",4,"DrugBefore_YES",0.00283700680449628,0.00375560567665279,0.00178850883076235,0.571428571428571
"Lachnospiraceae.Otu1734",1,"DrugBefore_NO",0.00359370299976209,0.00708941924691653,0.000992904456256521,0.9
"Lachnospiraceae.Otu1734",1,"DrugBefore_YES",0.000474374886842516,0.000657213035936448,0.000173175166681098,0.538461538461538
"Lachnospiraceae.Otu1734",2,"DrugBefore_NO",0.000452244057836616,0.000539255565060441,0.000195733020160501,0.714285714285714
"Lachnospiraceae.Otu1734",2,"DrugBefore_YES",0.00112675726558058,0.00143272713088486,0.000322733044554702,0.9
"Lachnospiraceae.Otu1734",3,"DrugBefore_NO",0.00225507093320597,0.00175370209113085,0.00207283173095866,0.833333333333333
"Lachnospiraceae.Otu1734",3,"DrugBefore_YES",0.00720832737011713,0.00978446218671337,0.00169557260890356,0.75
"Lachnospiraceae.Otu1734",4,"DrugBefore_NO",0.00350833224041415,0.00336789871557807,0.00297644816474261,1
"Lachnospiraceae.Otu1734",4,"DrugBefore_YES",0.00484826725015156,0.00575219006309216,0.00401516841400848,0.857142857142857
"Bacteroides.Otu0775",1,"DrugBefore_NO",0.000754784239244683,0.00138980133461792,0.000122054313525999,0.6
"Bacteroides.Otu0775",1,"DrugBefore_YES",0.00206708272814865,0.00301309341779704,0.000644122383252818,0.615384615384615
"Bacteroides.Otu0775",2,"DrugBefore_NO",0.0011305114583067,0.00294812271800216,0,0.285714285714286
"Bacteroides.Otu0775",2,"DrugBefore_YES",0.00211434212930194,0.00394272682754505,0.000248436870491187,0.7
"Bacteroides.Otu0775",3,"DrugBefore_NO",6.24219725343321e-05,0.00015290198144714,0,0.166666666666667
"Bacteroides.Otu0775",3,"DrugBefore_YES",0.00230600210759552,0.00391250571400128,0.000787994907043066,0.75
"Bacteroides.Otu0775",4,"DrugBefore_NO",0.00537877766359508,0.0131345290458241,0,0.333333333333333
"Bacteroides.Otu0775",4,"DrugBefore_YES",0.0050064804111469,0.00788502229981208,0.000669194735668079,0.714285714285714
"Haemophilus.Otu1497",1,"DrugBefore_NO",0.00103248574330804,0.00239676453253061,0,0.4
"Haemophilus.Otu1497",1,"DrugBefore_YES",0.000134074560842354,0.000238347689308495,0,0.307692307692308
"Haemophilus.Otu1497",2,"DrugBefore_NO",0.00185997426543695,0.00222901076230599,0.00165016501650165,0.714285714285714
"Haemophilus.Otu1497",2,"DrugBefore_YES",0.000784298435329316,0.00166712678935543,2.8162667567872e-05,0.5
"Haemophilus.Otu1497",3,"DrugBefore_NO",0.0107255638460492,0.0188377790062226,0,0.333333333333333
"Haemophilus.Otu1497",3,"DrugBefore_YES",0.00289384701691139,0.00450917402840281,0.00108126284010071,0.625
"Haemophilus.Otu1497",4,"DrugBefore_NO",0.0167827861786709,0.0365823588539924,0.00156977401145071,0.833333333333333
"Haemophilus.Otu1497",4,"DrugBefore_YES",0.0188620437776951,0.0493649803810329,0.000155424308361828,0.571428571428571
"Bacteroides.Otu0863",1,"DrugBefore_NO",0.04444102961792,0.073398616021644,0.0208488242638979,0.9
"Bacteroides.Otu0863",1,"DrugBefore_YES",0.0229364352565069,0.0434396845147934,0.0033003300330033,0.846153846153846
"Bacteroides.Otu0863",2,"DrugBefore_NO",0.00595539928358443,0.0139464335640934,0.000503609199261373,0.714285714285714
"Bacteroides.Otu0863",2,"DrugBefore_YES",0.01605040271717,0.0432792251512206,0.000102764361319494,0.5
"Bacteroides.Otu0863",3,"DrugBefore_NO",0.00291495088297838,0.00451600207053722,0,0.333333333333333
"Bacteroides.Otu0863",3,"DrugBefore_YES",0.00697548531352576,0.00922669748636502,0.00399456570025132,0.75
"Bacteroides.Otu0863",4,"DrugBefore_NO",0.00247011648752489,0.00552494530981368,0,0.333333333333333
"Bacteroides.Otu0863",4,"DrugBefore_YES",0.0213986383881884,0.0382674458692521,0.00454579327818764,0.857142857142857
"Bacteroides.Otu2460",1,"DrugBefore_NO",0.00161989906643594,0.00320042381617218,0.000602200850862198,0.6
"Bacteroides.Otu2460",1,"DrugBefore_YES",0.00368419130033339,0.00470767250487438,0.00121222616676769,0.769230769230769
"Bacteroides.Otu2460",2,"DrugBefore_NO",0.0020221258953509,0.00371362396337694,0.000167869733087124,0.571428571428571
"Bacteroides.Otu2460",2,"DrugBefore_YES",0.00126631553445711,0.0019221261723037,0.000235107127727017,0.8
"Bacteroides.Otu2460",3,"DrugBefore_NO",0.00018430404734004,0.000311309051128285,0,0.333333333333333
"Bacteroides.Otu2460",3,"DrugBefore_YES",0.00358396094182025,0.00816234437350122,0.000349281830537452,0.75
"Bacteroides.Otu2460",4,"DrugBefore_NO",0.00113409315234459,0.00182874508579474,0.000462491906391638,0.5
"Bacteroides.Otu2460",4,"DrugBefore_YES",0.000449482546005772,0.000555780485671121,0.000230751480655334,0.571428571428571
"Bacteroides.Otu2654",1,"DrugBefore_NO",0.0725732253291392,0.142272224023467,0.00223508805739922,0.7
"Bacteroides.Otu2654",1,"DrugBefore_YES",0.0288049883064894,0.0329120666490457,0.0115942028985507,0.846153846153846
"Bacteroides.Otu2654",2,"DrugBefore_NO",0.00141267842040232,0.00166434596117551,0.000825082508250825,0.714285714285714
"Bacteroides.Otu2654",2,"DrugBefore_YES",0.00924422924618477,0.018630985054608,0.00146161604383117,0.6
"Bacteroides.Otu2654",3,"DrugBefore_NO",0.00152651777979837,0.00249032223375797,0.000261004979642127,0.666666666666667
"Bacteroides.Otu2654",3,"DrugBefore_YES",0.0120108699231326,0.0269705140475857,0.000461025999904819,0.75
"Bacteroides.Otu2654",4,"DrugBefore_NO",0.00347997565688976,0.00781967528370329,0.000311623558741041,0.5
"Bacteroides.Otu2654",4,"DrugBefore_YES",0.0133905919039598,0.0194929416125435,0.00424770847306059,1
"Lachnospiraceae.Otu2599",1,"DrugBefore_NO",0.00501799752859416,0.00698656557149457,0.00256858318457562,1
"Lachnospiraceae.Otu2599",1,"DrugBefore_YES",0.00068728855925022,0.00108304651594006,0.000265580736543909,0.615384615384615
"Lachnospiraceae.Otu2599",2,"DrugBefore_NO",0.00149980541504135,0.00225746600738837,0.000489332550401253,0.714285714285714
"Lachnospiraceae.Otu2599",2,"DrugBefore_YES",0.00177341563492517,0.00230649372566332,0.00057349750708412,1
"Lachnospiraceae.Otu2599",3,"DrugBefore_NO",0.00594196781902764,0.00387903750909455,0.0056306633088791,1
"Lachnospiraceae.Otu2599",3,"DrugBefore_YES",0.00487259020348225,0.006116429590364,0.00221503012296493,0.875
"Lachnospiraceae.Otu2599",4,"DrugBefore_NO",0.00507820056033326,0.00338027369953978,0.00628490637064083,1
"Lachnospiraceae.Otu2599",4,"DrugBefore_YES",0.00324577112584609,0.00475712711822281,0.00176460208223046,0.857142857142857
"Clostridium_XI.Otu2681",1,"DrugBefore_NO",0.0112892712141189,0.0319174643268295,0.000192007014911209,0.6
"Clostridium_XI.Otu2681",1,"DrugBefore_YES",0.000612680979994,0.0013786380093904,0,0.307692307692308
"Clostridium_XI.Otu2681",2,"DrugBefore_NO",0.000360779285438295,0.000770039143379835,0,0.285714285714286
"Clostridium_XI.Otu2681",2,"DrugBefore_YES",0.000762980438384621,0.00165265094935221,7.49885477236994e-05,0.6
"Clostridium_XI.Otu2681",3,"DrugBefore_NO",0.00037523930080784,0.000411744454876707,0.000356760613628255,0.5
"Clostridium_XI.Otu2681",3,"DrugBefore_YES",0.000661473011937896,0.000834512963345448,0.000238228086352676,0.625
"Clostridium_XI.Otu2681",4,"DrugBefore_NO",0.0039571451427443,0.00476354661112516,0.00187231296431319,0.833333333333333
"Clostridium_XI.Otu2681",4,"DrugBefore_YES",0.00208885643250485,0.00265750282932718,0.000932545850170967,0.857142857142857
"Bacteroides.Otu2437",1,"DrugBefore_NO",0.00313822137695142,0.0078484837612885,3.03526983548837e-05,0.5
"Bacteroides.Otu2437",1,"DrugBefore_YES",0.00299512973159072,0.0048557937618044,0,0.461538461538462
"Bacteroides.Otu2437",2,"DrugBefore_NO",0.0135792425396386,0.0312921903540164,0,0.285714285714286
"Bacteroides.Otu2437",2,"DrugBefore_YES",0.00510661178611415,0.0102744557844042,0,0.4
"Bacteroides.Otu2437",3,"DrugBefore_NO",0.000436953807740325,0.00107031387012998,0,0.166666666666667
"Bacteroides.Otu2437",3,"DrugBefore_YES",0.0057081627606229,0.0107253125613266,0.0006265664160401,0.5
"Bacteroides.Otu2437",4,"DrugBefore_NO",0.0131948908816138,0.0322799931775185,0,0.333333333333333
"Bacteroides.Otu2437",4,"DrugBefore_YES",0.0123736094584602,0.0202059125300954,9.17375084092716e-05,0.571428571428571
"Parabacteroides.Otu1655",1,"DrugBefore_NO",0.000104640381666621,0.000230886719429409,0,0.2
"Parabacteroides.Otu1655",1,"DrugBefore_YES",0.000442799849752038,0.000831518745274318,0,0.307692307692308
"Parabacteroides.Otu1655",2,"DrugBefore_NO",0,0,0,0
"Parabacteroides.Otu1655",2,"DrugBefore_YES",0,0,0,0
"Parabacteroides.Otu1655",3,"DrugBefore_NO",0,0,0,0
"Parabacteroides.Otu1655",3,"DrugBefore_YES",0.000467308900638763,0.00101443621444613,0,0.375
"Parabacteroides.Otu1655",4,"DrugBefore_NO",1.38715494520738e-05,3.39782180993644e-05,0,0.166666666666667
"Parabacteroides.Otu1655",4,"DrugBefore_YES",0.01748974202069,0.0461075527086518,0,0.428571428571429
"Prevotella.Otu0634",1,"DrugBefore_NO",0.00692043130752147,0.0127434873841301,0,0.3
"Prevotella.Otu0634",1,"DrugBefore_YES",0.000683366545295204,0.00188658452399827,0,0.153846153846154
"Prevotella.Otu0634",2,"DrugBefore_NO",0.00095875933023747,0.00196202252539276,0.000167869733087124,0.714285714285714
"Prevotella.Otu0634",2,"DrugBefore_YES",0.00179315500412851,0.00563712588399876,0,0.3
"Prevotella.Otu0634",3,"DrugBefore_NO",0,0,0,0
"Prevotella.Otu0634",3,"DrugBefore_YES",0.000306452852020634,0.000835575533787505,0,0.25
"Prevotella.Otu0634",4,"DrugBefore_NO",8.32292967124428e-05,0.000203869308596186,0,0.166666666666667
"Prevotella.Otu0634",4,"DrugBefore_YES",0,0,0,0
"Escherichia_Shigella.Otu2393",1,"DrugBefore_NO",0.01334116492977,0.0404159377827905,6.43086816720257e-05,0.5
"Escherichia_Shigella.Otu2393",1,"DrugBefore_YES",0.0146426137912715,0.0482453076356787,0,0.307692307692308
"Escherichia_Shigella.Otu2393",2,"DrugBefore_NO",0.000850800945434598,0.0020014670681567,0,0.428571428571429
"Escherichia_Shigella.Otu2393",2,"DrugBefore_YES",1.23882412089627e-05,2.8334273834316e-05,0,0.2
"Escherichia_Shigella.Otu2393",3,"DrugBefore_NO",0.00171902281076225,0.00167522333297581,0.0017979066994724,0.666666666666667
"Escherichia_Shigella.Otu2393",3,"DrugBefore_YES",0.00274431130982702,0.00662744114020765,0.000315694637202387,0.625
"Escherichia_Shigella.Otu2393",4,"DrugBefore_NO",0.000226076694100127,0.000319743313106522,4.16146483562214e-05,0.5
"Escherichia_Shigella.Otu2393",4,"DrugBefore_YES",0.013622251966079,0.0221819639815774,0.00146780013454835,0.571428571428571
"Lachnospiraceae.Otu0898",1,"DrugBefore_NO",0.0020055174215591,0.00325942864033439,0.000587446665972891,0.9
"Lachnospiraceae.Otu0898",1,"DrugBefore_YES",0.000910359343322469,0.0016535243663525,0.000301477238468496,0.538461538461538
"Lachnospiraceae.Otu0898",2,"DrugBefore_NO",0.00292412104083717,0.0067948441519662,0.000412541254125413,0.571428571428571
"Lachnospiraceae.Otu0898",2,"DrugBefore_YES",0.00344283342242057,0.00708069284338785,0.000482024415741791,0.8
"Lachnospiraceae.Otu0898",3,"DrugBefore_NO",0.0392655426528024,0.0860218278230611,0.00513677121231722,0.833333333333333
"Lachnospiraceae.Otu0898",3,"DrugBefore_YES",0.00320026837834266,0.00421033499686713,0.00147628612422764,0.875
"Lachnospiraceae.Otu0898",4,"DrugBefore_NO",0.00208093080488092,0.00274049185890653,0.00124818947116013,0.833333333333333
"Lachnospiraceae.Otu0898",4,"DrugBefore_YES",0.00530130199347408,0.00430750273678956,0.00373740656483588,1
"Parabacteroides.Otu1378",1,"DrugBefore_NO",0.00404957988231316,0.00629124285383607,0.000306700178848595,0.6
"Parabacteroides.Otu1378",1,"DrugBefore_YES",0.00564332874026619,0.01020960444679,0,0.461538461538462
"Parabacteroides.Otu1378",2,"DrugBefore_NO",0.00284986198995429,0.00550496961939846,0,0.428571428571429
"Parabacteroides.Otu1378",2,"DrugBefore_YES",0.000523647372030978,0.00110403054841937,0,0.2
"Parabacteroides.Otu1378",3,"DrugBefore_NO",0.000122898436731885,0.000301038460178839,0,0.166666666666667
"Parabacteroides.Otu1378",3,"DrugBefore_YES",0.00645040928707321,0.0142917296194489,0,0.375
"Parabacteroides.Otu1378",4,"DrugBefore_NO",0.000665834373699542,0.00163095446876949,0,0.166666666666667
"Parabacteroides.Otu1378",4,"DrugBefore_YES",0.0275593020326521,0.0637893802423863,0,0.428571428571429
"Clostridiaceae_1.Otu1955",1,"DrugBefore_NO",0.000314853099689211,0.000484512917913492,8.84597216417321e-05,0.6
"Clostridiaceae_1.Otu1955",1,"DrugBefore_YES",8.09823967861366e-05,0.000267044343742009,0,0.153846153846154
"Clostridiaceae_1.Otu1955",2,"DrugBefore_NO",5.89344648750589e-05,0.000155925937710077,0,0.142857142857143
"Clostridiaceae_1.Otu1955",2,"DrugBefore_YES",0.000784448971432554,0.00234231216479181,0,0.4
"Clostridiaceae_1.Otu1955",3,"DrugBefore_NO",0.0218534628114401,0.0387792042693801,0.00301269637513132,0.833333333333333
"Clostridiaceae_1.Otu1955",3,"DrugBefore_YES",0.00019467384149958,0.000343357071283909,0,0.375
"Clostridiaceae_1.Otu1955",4,"DrugBefore_NO",0.0057003112557883,0.0115974145223571,0.000915618496027131,0.833333333333333
"Clostridiaceae_1.Otu1955",4,"DrugBefore_YES",0.00018153555254409,0.000415816363849984,0,0.285714285714286
"Bacteroides.Otu1411",1,"DrugBefore_NO",0.000872019578846771,0.00209743213739393,2.52372299616394e-05,0.5
"Bacteroides.Otu1411",1,"DrugBefore_YES",0.00154188529289257,0.00468545452878958,0,0.461538461538462
"Bacteroides.Otu1411",2,"DrugBefore_NO",0.000411862453213647,0.000713171683961696,0,0.285714285714286
"Bacteroides.Otu1411",2,"DrugBefore_YES",0.00144626613001652,0.00288757886329254,9.82988335799941e-05,0.6
"Bacteroides.Otu1411",3,"DrugBefore_NO",6.24219725343321e-05,0.00015290198144714,0,0.166666666666667
"Bacteroides.Otu1411",3,"DrugBefore_YES",0.00349323796806512,0.00622516180549231,0.000393166884576033,0.75
"Bacteroides.Otu1411",4,"DrugBefore_NO",0.00135506600059107,0.00289397169646782,0,0.333333333333333
"Bacteroides.Otu1411",4,"DrugBefore_YES",0.00227516747935151,0.00388152226048294,7.69171602184447e-05,0.571428571428571
"Faecalibacterium.Otu0067",1,"DrugBefore_NO",0.0244665625296592,0.0258738739559333,0.0150259416002384,1
"Faecalibacterium.Otu0067",1,"DrugBefore_YES",0.0124587776386013,0.0107061304375991,0.0066324992463069,0.923076923076923
"Faecalibacterium.Otu0067",2,"DrugBefore_NO",0.0546168801708135,0.105524139621525,0.0127887788778878,0.857142857142857
"Faecalibacterium.Otu0067",2,"DrugBefore_YES",0.0394869850027334,0.0870981622092186,0.00734901109769595,0.9
"Faecalibacterium.Otu0067",3,"DrugBefore_NO",0.0163046826719789,0.0192438857626247,0.00676278337065395,0.833333333333333
"Faecalibacterium.Otu0067",3,"DrugBefore_YES",0.0294432491481088,0.0350982550896444,0.0175941874936546,1
"Faecalibacterium.Otu0067",4,"DrugBefore_NO",0.0723428000619242,0.0779520900042943,0.0453882522055417,1
"Faecalibacterium.Otu0067",4,"DrugBefore_YES",0.0288838383269604,0.0311536640416877,0.0120246993825154,1
"Bacteroides.Otu1883",1,"DrugBefore_NO",7.41564701520208e-05,0.000234503348918678,0,0.1
"Bacteroides.Otu1883",1,"DrugBefore_YES",2.81788190551585e-05,8.91441102622826e-05,0,0.153846153846154
"Bacteroides.Otu1883",2,"DrugBefore_NO",0,0,0,0
"Bacteroides.Otu1883",2,"DrugBefore_YES",7.72618403770378e-06,2.44323391807802e-05,0,0.1
"Bacteroides.Otu1883",3,"DrugBefore_NO",9.70878443207167e-05,0.000185750929946247,0,0.333333333333333
"Bacteroides.Otu1883",3,"DrugBefore_YES",0,0,0,0
"Bacteroides.Otu1883",4,"DrugBefore_NO",0.0127202108475517,0.0311580259971171,0,0.166666666666667
"Bacteroides.Otu1883",4,"DrugBefore_YES",3.62348687655881e-05,8.31687847296611e-05,0,0.285714285714286
"Klebsiella.Otu1452",1,"DrugBefore_NO",0.000747807333604717,0.00215362609687941,0,0.3
"Klebsiella.Otu1452",1,"DrugBefore_YES",8.29221271166424e-05,0.0002262811082215,0,0.153846153846154
"Klebsiella.Otu1452",2,"DrugBefore_NO",0.000191148387001059,0.000358462430476026,0,0.285714285714286
"Klebsiella.Otu1452",2,"DrugBefore_YES",1.23882412089627e-05,2.8334273834316e-05,0,0.2
"Klebsiella.Otu1452",3,"DrugBefore_NO",0.00913420740508758,0.0221911706686011,0,0.333333333333333
"Klebsiella.Otu1452",3,"DrugBefore_YES",0,0,0,0
"Klebsiella.Otu1452",4,"DrugBefore_NO",0.00121842772090311,0.00196275704504451,0,0.333333333333333
"Klebsiella.Otu1452",4,"DrugBefore_YES",0.0116869469069298,0.0288445832946828,0.000230751480655334,0.571428571428571
"Sutterella.Otu0171",1,"DrugBefore_NO",0.00360447637204316,0.00961742558997123,0,0.4
"Sutterella.Otu0171",1,"DrugBefore_YES",0.00213243409998361,0.00652063513958162,0,0.230769230769231
"Sutterella.Otu0171",2,"DrugBefore_NO",0.00933837513271267,0.0155908691271075,0,0.428571428571429
"Sutterella.Otu0171",2,"DrugBefore_YES",0.00174764503060819,0.00550131454490061,0,0.2
"Sutterella.Otu0171",3,"DrugBefore_NO",6.24219725343321e-05,0.00015290198144714,0,0.166666666666667
"Sutterella.Otu0171",3,"DrugBefore_YES",0.00403641993512238,0.0114167196313664,0,0.125
"Sutterella.Otu0171",4,"DrugBefore_NO",0.0143014930655276,0.0313924449020223,0,0.333333333333333
"Sutterella.Otu0171",4,"DrugBefore_YES",0.00511002523074958,0.0135198559538288,0,0.142857142857143
"Lachnospiraceae.Otu2222",1,"DrugBefore_NO",0.00114925613861209,0.00186556135487399,8.54683831851738e-05,0.6
"Lachnospiraceae.Otu2222",1,"DrugBefore_YES",0.00141176865655753,0.00276390969924536,0,0.307692307692308
"Lachnospiraceae.Otu2222",2,"DrugBefore_NO",0.00575943752564797,0.0150094309534073,0,0.428571428571429
"Lachnospiraceae.Otu2222",2,"DrugBefore_YES",0.00439382654278361,0.00666211620168633,0.000308885174102449,0.6
"Lachnospiraceae.Otu2222",3,"DrugBefore_NO",0.0266733156427989,0.056415856144862,0.00362615655687801,0.833333333333333
"Lachnospiraceae.Otu2222",3,"DrugBefore_YES",0.00649153171479287,0.0121262292499678,0.00122717505368774,0.625
"Lachnospiraceae.Otu2222",4,"DrugBefore_NO",0.00836956521843735,0.0122012334037569,0.0041140232624964,0.833333333333333
"Lachnospiraceae.Otu2222",4,"DrugBefore_YES",0.00921292041784182,0.016999091457823,3.05791694697572e-05,0.571428571428571
"Bacteroides.Otu1669",1,"DrugBefore_NO",0.00146965116372575,0.00336808427163066,0.000207353420090942,0.6
"Bacteroides.Otu1669",1,"DrugBefore_YES",0.00170284442761434,0.00183262987428953,0.0011648223645894,0.692307692307692
"Bacteroides.Otu1669",2,"DrugBefore_NO",0.000440330416298879,0.000469544371446531,0.000411353352529823,0.571428571428571
"Bacteroides.Otu1669",2,"DrugBefore_YES",0.00216261806373002,0.00297062988376206,0.0001391827190736,0.5
"Bacteroides.Otu1669",3,"DrugBefore_NO",7.06152016497911e-05,0.000150181023753807,0,0.333333333333333
"Bacteroides.Otu1669",3,"DrugBefore_YES",0.00208240745233314,0.00305097423378434,0.000195848021934978,0.5
"Bacteroides.Otu1669",4,"DrugBefore_NO",0.00161800343757434,0.00275341552397781,0,0.333333333333333
"Bacteroides.Otu1669",4,"DrugBefore_YES",0.0039720515302614,0.00818129590756651,0.00022306491188936,0.571428571428571
"Lachnospiraceae.Otu0220",1,"DrugBefore_NO",0.00113212605459354,0.0013918380884602,0.000479847481275731,0.7
"Lachnospiraceae.Otu0220",1,"DrugBefore_YES",0.00326596591771586,0.00640965029916571,8.85269121813031e-05,0.538461538461538
"Lachnospiraceae.Otu0220",2,"DrugBefore_NO",0.00186770225121007,0.00250241469720503,0.000782932080642004,0.571428571428571
"Lachnospiraceae.Otu0220",2,"DrugBefore_YES",0.0034334732192385,0.00960039856280167,0.000158498179167859,0.6
"Lachnospiraceae.Otu0220",3,"DrugBefore_NO",0.0114189753033707,0.0126606870410708,0.00735859025866849,1
"Lachnospiraceae.Otu0220",3,"DrugBefore_YES",0.00494685169368578,0.0094959626575358,0.000195848021934978,0.5
"Lachnospiraceae.Otu0220",4,"DrugBefore_NO",0.00891599377115538,0.0143065900243149,0.00400271284004404,1
"Lachnospiraceae.Otu0220",4,"DrugBefore_YES",0.00214435796312565,0.00307707290701357,0.000152895847348786,0.571428571428571
"Roseburia.Otu2728",1,"DrugBefore_NO",0.000200135196653574,0.00028868055825874,2.52372299616394e-05,0.5
"Roseburia.Otu2728",1,"DrugBefore_YES",0.000375365576066569,0.000917951862094871,0,0.153846153846154
"Roseburia.Otu2728",2,"DrugBefore_NO",0.00998008770985627,0.025197715257727,0.000195733020160501,0.571428571428571
"Roseburia.Otu2728",2,"DrugBefore_YES",0.00248922630413256,0.00452207055304998,9.65773004712972e-05,0.5
"Roseburia.Otu2728",3,"DrugBefore_NO",0.00130916373273639,0.00235034204865067,0.000252119368853259,0.666666666666667
"Roseburia.Otu2728",3,"DrugBefore_YES",0.00212494074904792,0.00335866810668272,0.000238874552726864,0.75
"Roseburia.Otu2728",4,"DrugBefore_NO",0.00254605509952866,0.00568614162291741,0.000254994318879888,0.666666666666667
"Roseburia.Otu2728",4,"DrugBefore_YES",0.00164420876678323,0.00168486565722693,0.00178745531361716,0.857142857142857
"Phascolarctobacterium.Otu1814",1,"DrugBefore_NO",0.00149440380988447,0.00434299530841061,0,0.4
"Phascolarctobacterium.Otu1814",1,"DrugBefore_YES",0.00226846346357856,0.00519422135568159,0,0.384615384615385
"Phascolarctobacterium.Otu1814",2,"DrugBefore_NO",0.000573515348129456,0.00119383076928538,0,0.285714285714286
"Phascolarctobacterium.Otu1814",2,"DrugBefore_YES",0.000846407508503568,0.00179116480700222,0,0.2
"Phascolarctobacterium.Otu1814",3,"DrugBefore_NO",0,0,0,0
"Phascolarctobacterium.Otu1814",3,"DrugBefore_YES",0.00277972364810286,0.00558758734090563,0,0.25
"Phascolarctobacterium.Otu1814",4,"DrugBefore_NO",1.38715494520738e-05,3.39782180993644e-05,0,0.166666666666667
"Phascolarctobacterium.Otu1814",4,"DrugBefore_YES",0.00468474192327923,0.00674994586776551,0,0.428571428571429
"Prevotella.Otu1633",1,"DrugBefore_NO",0.00659997720975975,0.0142597534179006,0.000239863340103878,0.7
"Prevotella.Otu1633",1,"DrugBefore_YES",0.00341250080357575,0.0118411199631413,0,0.230769230769231
"Prevotella.Otu1633",2,"DrugBefore_NO",0.0673716424946034,0.177559089233341,0,0.285714285714286
"Prevotella.Otu1633",2,"DrugBefore_YES",0.00119720654401954,0.00322530666611992,0,0.3
"Prevotella.Otu1633",3,"DrugBefore_NO",0.000369796645593029,0.000739866420446421,5.94601022713759e-05,0.5
"Prevotella.Otu1633",3,"DrugBefore_YES",3.83627207649693e-05,7.15513899920449e-05,0,0.25
"Prevotella.Otu1633",4,"DrugBefore_NO",0.000727121637062429,0.00178107699174013,0,0.166666666666667
"Prevotella.Otu1633",4,"DrugBefore_YES",0,0,0,0
"Bacteroides.Otu2216",1,"DrugBefore_NO",2.57234726688103e-05,8.13447629625307e-05,0,0.1
"Bacteroides.Otu2216",1,"DrugBefore_YES",0.00850660739225421,0.0223156135952357,0,0.230769230769231
"Bacteroides.Otu2216",2,"DrugBefore_NO",0,0,0,0
"Bacteroides.Otu2216",2,"DrugBefore_YES",0.00424710174785023,0.0123192376240808,0,0.4
"Bacteroides.Otu2216",3,"DrugBefore_NO",0,0,0,0
"Bacteroides.Otu2216",3,"DrugBefore_YES",0.0139368248333984,0.0366260509172291,0,0.375
"Bacteroides.Otu2216",4,"DrugBefore_NO",0.00417349250032246,0.0100660748296052,0,0.333333333333333
"Bacteroides.Otu2216",4,"DrugBefore_YES",0.00708741183726141,0.0117899327924593,0.00156494522691706,0.571428571428571
"Bacteroides.Otu2431",1,"DrugBefore_NO",0.0108148569388057,0.0118728221307008,0.00420272256196509,0.8
"Bacteroides.Otu2431",1,"DrugBefore_YES",0.0191597189036619,0.0294337065713996,0.0143661424966026,0.846153846153846
"Bacteroides.Otu2431",2,"DrugBefore_NO",0.0146549081143844,0.0210080345681219,0.000671478932348498,0.714285714285714
"Bacteroides.Otu2431",2,"DrugBefore_YES",0.0161201684238954,0.019482090400159,0.0086479716993643,0.8
"Bacteroides.Otu2431",3,"DrugBefore_NO",0.00111833581425797,0.00204443576420247,4.91593746927539e-05,0.5
"Bacteroides.Otu2431",3,"DrugBefore_YES",0.0166637847022316,0.0136927519946204,0.0165329559834801,1
"Bacteroides.Otu2431",4,"DrugBefore_NO",0.0316006510327431,0.0492612078083044,0.00445078604620403,0.666666666666667
"Bacteroides.Otu2431",4,"DrugBefore_YES",0.0221393301792768,0.02310099293141,0.0129377648895829,0.857142857142857
"Bacteroides.Otu2343",1,"DrugBefore_NO",0.0028210212249481,0.0052989287160102,0.000326832988342957,0.5
"Bacteroides.Otu2343",1,"DrugBefore_YES",0.011692845484255,0.0358817433343137,4.42634560906516e-05,0.538461538461538
"Bacteroides.Otu2343",2,"DrugBefore_NO",0.0361612708463025,0.0779225896103373,0.00665492268545704,0.714285714285714
"Bacteroides.Otu2343",2,"DrugBefore_YES",0.00264872886263764,0.0066452147564305,0,0.4
"Bacteroides.Otu2343",3,"DrugBefore_NO",0.00740667912037492,0.0181425845334447,0,0.166666666666667
"Bacteroides.Otu2343",3,"DrugBefore_YES",0.00740335902043516,0.0147402040931307,6.86907542244814e-05,0.5
"Bacteroides.Otu2343",4,"DrugBefore_NO",0.00447075509511917,0.01095106874799,0,0.166666666666667
"Bacteroides.Otu2343",4,"DrugBefore_YES",0.0173346320568379,0.0422242890555799,0,0.428571428571429
"Bacteroides.Otu0848",1,"DrugBefore_NO",0.0170700181633372,0.0396001874034071,0.00590741726466187,0.9
"Bacteroides.Otu0848",1,"DrugBefore_YES",0.0267068675065835,0.0319264122917811,0.0111986543909348,0.846153846153846
"Bacteroides.Otu0848",2,"DrugBefore_NO",0.00690342221958825,0.00972452061429117,0.00205676676264912,0.857142857142857
"Bacteroides.Otu0848",2,"DrugBefore_YES",0.0202971575585545,0.0294821132496604,0.00286285919701847,0.7
"Bacteroides.Otu0848",3,"DrugBefore_NO",0.091233733128993,0.194459178926406,0.000196637498771016,0.5
"Bacteroides.Otu0848",3,"DrugBefore_YES",0.0605224607593941,0.0869664855028911,0.0159200491976412,0.75
"Bacteroides.Otu0848",4,"DrugBefore_NO",0.0150074560052652,0.0353974122852882,0.000659717284106167,0.833333333333333
"Bacteroides.Otu0848",4,"DrugBefore_YES",0.0490722674428514,0.0714741945543134,0.0294783193688459,0.857142857142857
"Parabacteroides.Otu1107",1,"DrugBefore_NO",0.000525193816944404,0.00111458852026113,0,0.3
"Parabacteroides.Otu1107",1,"DrugBefore_YES",0.00534707642520377,0.00930730389430333,0,0.384615384615385
"Parabacteroides.Otu1107",2,"DrugBefore_NO",0.00416276147630754,0.0109705371878371,0,0.285714285714286
"Parabacteroides.Otu1107",2,"DrugBefore_YES",0.000439337614058804,0.00138930752220983,0,0.1
"Parabacteroides.Otu1107",3,"DrugBefore_NO",0.000147478124078262,0.000361246152214607,0,0.166666666666667
"Parabacteroides.Otu1107",3,"DrugBefore_YES",0.00113172269029826,0.00213043600844677,0,0.375
"Parabacteroides.Otu1107",4,"DrugBefore_NO",0.00040227493411014,0.000985368324881567,0,0.166666666666667
"Parabacteroides.Otu1107",4,"DrugBefore_YES",0.00861061006392451,0.0155313931236066,0,0.428571428571429
"Lachnospiraceae.Otu0491",1,"DrugBefore_NO",0.000275249469667731,0.000345713651069206,0.000125014078381793,0.7
"Lachnospiraceae.Otu0491",1,"DrugBefore_YES",0.000427353090374833,0.000656184671653526,0,0.461538461538462
"Lachnospiraceae.Otu0491",2,"DrugBefore_NO",0.0023174767567262,0.0055008192878876,0.000161969549724652,0.571428571428571
"Lachnospiraceae.Otu0491",2,"DrugBefore_YES",0.00100419229304172,0.00179343220126851,0.000127877237851662,0.5
"Lachnospiraceae.Otu0491",3,"DrugBefore_NO",0.00610398228291939,0.0128866012170446,0.000399111522552369,0.666666666666667
"Lachnospiraceae.Otu0491",3,"DrugBefore_YES",0.00487807770983875,0.00905921492272464,0,0.375
"Lachnospiraceae.Otu0491",4,"DrugBefore_NO",0.000333105679142266,0.000374001292846025,0.000239041076082963,0.666666666666667
"Lachnospiraceae.Otu0491",4,"DrugBefore_YES",0.00284092683569403,0.00408280092939963,0.0008124796880078,0.857142857142857
"Bacteroides.Otu1976",1,"DrugBefore_NO",2.57234726688103e-05,8.13447629625307e-05,0,0.1
"Bacteroides.Otu1976",1,"DrugBefore_YES",0.00431031309104928,0.0124402632054281,0,0.153846153846154
"Bacteroides.Otu1976",2,"DrugBefore_NO",0,0,0,0
"Bacteroides.Otu1976",2,"DrugBefore_YES",0.00109444044805262,0.00346092457926146,0,0.1
"Bacteroides.Otu1976",3,"DrugBefore_NO",0,0,0,0
"Bacteroides.Otu1976",3,"DrugBefore_YES",0.00996936977696336,0.027374477559269,0,0.25
"Bacteroides.Otu1976",4,"DrugBefore_NO",0.00113746705507005,0.00278621388414788,0,0.166666666666667
"Bacteroides.Otu1976",4,"DrugBefore_YES",0.0020065835217856,0.00306063645082923,0,0.428571428571429
"Bacteroides.Otu2065",1,"DrugBefore_NO",0.000213694710564975,0.000567524999542322,0,0.2
"Bacteroides.Otu2065",1,"DrugBefore_YES",0.0372009244299672,0.108189926153313,0,0.230769230769231
"Bacteroides.Otu2065",2,"DrugBefore_NO",0,0,0,0
"Bacteroides.Otu2065",2,"DrugBefore_YES",0.011839580321364,0.0357131834262884,0,0.4
"Bacteroides.Otu2065",3,"DrugBefore_NO",0,0,0,0
"Bacteroides.Otu2065",3,"DrugBefore_YES",0.0686940701638322,0.18508300196101,0,0.375
"Bacteroides.Otu2065",4,"DrugBefore_NO",0.0113469274517964,0.0277941824052801,0,0.166666666666667
"Bacteroides.Otu2065",4,"DrugBefore_YES",0.0221924201546014,0.0363722489771563,0.00016249593760156,0.571428571428571
"Bacteroides.Otu1201",1,"DrugBefore_NO",0.00926584641790563,0.0102709056518161,0.00696194122463637,0.9
"Bacteroides.Otu1201",1,"DrugBefore_YES",0.024654495814083,0.0558851315356742,0.00483091787439614,0.769230769230769
"Bacteroides.Otu1201",2,"DrugBefore_NO",0.00140024240428193,0.00236091857695965,0,0.428571428571429
"Bacteroides.Otu1201",2,"DrugBefore_YES",0.00462678987612837,0.00623249048583337,0.00118574385694385,0.8
"Bacteroides.Otu1201",3,"DrugBefore_NO",1.98200340904586e-05,4.85489702061914e-05,0,0.166666666666667
"Bacteroides.Otu1201",3,"DrugBefore_YES",0.0125174472406789,0.0217529335368384,0.00119045057003,0.625
"Bacteroides.Otu1201",4,"DrugBefore_NO",0.000277495143834983,0.000679721508495933,0,0.166666666666667
"Bacteroides.Otu1201",4,"DrugBefore_YES",0.0610883039218357,0.14430234177507,0.000428108372576601,0.714285714285714
"Lachnospiracea_incertae_sedis.Otu0113",1,"DrugBefore_NO",0.00118061148714282,0.00122894254810685,0.00056942381557801,0.9
"Lachnospiracea_incertae_sedis.Otu0113",1,"DrugBefore_YES",0.00081025158560727,0.00153001382238129,0,0.461538461538462
"Lachnospiracea_incertae_sedis.Otu0113",2,"DrugBefore_NO",0.00191216737244346,0.00198770645220268,0.00166373067136426,0.714285714285714
"Lachnospiracea_incertae_sedis.Otu0113",2,"DrugBefore_YES",0.00548569926863223,0.00861943671189752,0.000496873740982373,0.8
"Lachnospiracea_incertae_sedis.Otu0113",3,"DrugBefore_NO",0.0152053162683667,0.022527281016347,0.00186549859455867,0.833333333333333
"Lachnospiracea_incertae_sedis.Otu0113",3,"DrugBefore_YES",0.00400241700996068,0.00448885229692157,0.00194547064942308,0.75
"Lachnospiracea_incertae_sedis.Otu0113",4,"DrugBefore_NO",0.00262761904309296,0.0025831220064855,0.00218180042793978,0.833333333333333
"Lachnospiracea_incertae_sedis.Otu0113",4,"DrugBefore_YES",0.0057791187107374,0.0105186085320846,0.00156145438322552,0.857142857142857
"Bacteroides.Otu1352",1,"DrugBefore_NO",0.00104016101408377,0.0013186236528662,0.000750599074394938,0.7
"Bacteroides.Otu1352",1,"DrugBefore_YES",0.00102680511081141,0.000902066981051575,0.000767754318618042,0.846153846153846
"Bacteroides.Otu1352",2,"DrugBefore_NO",0.000593675875301719,0.000883631552844607,0.000323939099449304,0.571428571428571
"Bacteroides.Otu1352",2,"DrugBefore_YES",0.000631925619323569,0.000777403556690886,0.0002783654381472,0.5
"Bacteroides.Otu1352",3,"DrugBefore_NO",0.00190930388428309,0.00379670943313295,2.4579687346377e-05,0.5
"Bacteroides.Otu1352",3,"DrugBefore_YES",0.000802611334952814,0.00113198535365269,0.000381736504513335,0.625
"Bacteroides.Otu1352",4,"DrugBefore_NO",0.000352184680229195,0.000631116627025453,0,0.333333333333333
"Bacteroides.Otu1352",4,"DrugBefore_YES",0.00165794482352886,0.0025202357456973,0.000819733214099411,0.571428571428571
"Bacteroides.Otu0883",1,"DrugBefore_NO",0.000742786770415292,0.0021971053191096,0,0.3
"Bacteroides.Otu0883",1,"DrugBefore_YES",0.000673651395507358,0.00231597544203614,0,0.153846153846154
"Bacteroides.Otu0883",2,"DrugBefore_NO",0.000319620441947501,0.000603836890201118,0,0.285714285714286
"Bacteroides.Otu0883",2,"DrugBefore_YES",0.00056534700188157,0.00176080457354333,0,0.2
"Bacteroides.Otu0883",3,"DrugBefore_NO",8.11727829887086e-05,0.000139653641535484,0,0.333333333333333
"Bacteroides.Otu0883",3,"DrugBefore_YES",0.000727272718459797,0.00180609594646275,0,0.25
"Bacteroides.Otu0883",4,"DrugBefore_NO",0,0,0,0
"Bacteroides.Otu0883",4,"DrugBefore_YES",0.00258553807035696,0.00626915999859574,0,0.285714285714286
"Lachnospiraceae.Otu2512",1,"DrugBefore_NO",0.000710334493877528,0.00130688095018969,0.000183089528067878,0.6
"Lachnospiraceae.Otu2512",1,"DrugBefore_YES",0.000715826382628001,0.00175771399993129,0.000132790368271955,0.615384615384615
"Lachnospiraceae.Otu2512",2,"DrugBefore_NO",0.00153774642891532,0.00219571559792445,0.000925497454881999,0.571428571428571
"Lachnospiraceae.Otu2512",2,"DrugBefore_YES",0.00875364583188219,0.0198035551492417,2.783654381472e-05,0.5
"Lachnospiraceae.Otu2512",3,"DrugBefore_NO",0.00730002263634617,0.0146794963847088,0.00115361133629094,0.666666666666667
"Lachnospiraceae.Otu2512",3,"DrugBefore_YES",0.00492419695209819,0.00754313970747593,0.00143941966459647,0.625
"Lachnospiraceae.Otu2512",4,"DrugBefore_NO",0.00291196943661549,0.00305603216887376,0.00145519387288974,0.833333333333333
"Lachnospiraceae.Otu2512",4,"DrugBefore_YES",0.0268169365450122,0.0648700332325077,0.00044612982377872,0.571428571428571
"Bacteroides.Otu2069",1,"DrugBefore_NO",0.00130346637634301,0.00196558365428295,0.000193020334155909,0.6
"Bacteroides.Otu2069",1,"DrugBefore_YES",0.00349244222437584,0.0102150138258874,0,0.461538461538462
"Bacteroides.Otu2069",2,"DrugBefore_NO",0.0128405698680403,0.0276424941866955,0.003239241092087,0.714285714285714
"Bacteroides.Otu2069",2,"DrugBefore_YES",0.000954555084002091,0.00242013454539778,0,0.3
"Bacteroides.Otu2069",3,"DrugBefore_NO",0.00345754268672369,0.00846921534636467,0,0.166666666666667
"Bacteroides.Otu2069",3,"DrugBefore_YES",0.00210835392102104,0.00415616002648907,0,0.375
"Bacteroides.Otu2069",4,"DrugBefore_NO",0.001768251098885,0.00421017614626371,0,0.333333333333333
"Bacteroides.Otu2069",4,"DrugBefore_YES",0.00577392600015699,0.0136985811956163,0,0.428571428571429
"Gemmiger.Otu0907",1,"DrugBefore_NO",0.00163279590480007,0.00227614400431264,0.000712524134762487,0.6
"Gemmiger.Otu0907",1,"DrugBefore_YES",0.00164457979223875,0.00288649130797596,9.706853038245e-05,0.538461538461538
"Gemmiger.Otu0907",2,"DrugBefore_NO",0.00208491716355251,0.00480026601049731,0.000391466040321002,0.714285714285714
"Gemmiger.Otu0907",2,"DrugBefore_YES",0.00311340656377019,0.00550950295213437,0.000218845691272468,0.6
"Gemmiger.Otu0907",3,"DrugBefore_NO",0.00013874023863321,0.000339842791443339,0,0.166666666666667
"Gemmiger.Otu0907",3,"DrugBefore_YES",0.00101415331680057,0.00263690713892804,0,0.25
"Gemmiger.Otu0907",4,"DrugBefore_NO",0.000854508054169225,0.00153384651765558,0.00015581177937052,0.5
"Gemmiger.Otu0907",4,"DrugBefore_YES",0.00166461502038959,0.00416605379896741,0,0.428571428571429
"Prevotella.Otu0882",1,"DrugBefore_NO",0.00139223045095912,0.00298674523150556,0,0.2
"Prevotella.Otu0882",1,"DrugBefore_YES",0.00203906989595631,0.00544225437619098,0,0.153846153846154
"Prevotella.Otu0882",2,"DrugBefore_NO",0.000391466040321002,0.00103572178941656,0,0.142857142857143
"Prevotella.Otu0882",2,"DrugBefore_YES",0.00249568469505178,0.00789204795798639,0,0.1
"Prevotella.Otu0882",3,"DrugBefore_NO",0.000237603644348311,0.000582007689679089,0,0.166666666666667
"Prevotella.Otu0882",3,"DrugBefore_YES",0.000434395660281404,0.00122865646841195,0,0.125
"Prevotella.Otu0882",4,"DrugBefore_NO",0,0,0,0
"Prevotella.Otu0882",4,"DrugBefore_YES",2.75821581530453e-05,6.0573078733891e-05,0,0.285714285714286
"Lachnospiraceae.Otu0033",1,"DrugBefore_NO",0.000130408536799281,0.00035723565653438,0,0.2
"Lachnospiraceae.Otu0033",1,"DrugBefore_YES",0.000676123797960469,0.00242453037370573,0,0.153846153846154
"Lachnospiraceae.Otu0033",2,"DrugBefore_NO",0.00205622042109281,0.0044447084647971,0.000167869733087124,0.571428571428571
"Lachnospiraceae.Otu0033",2,"DrugBefore_YES",0.000635973600751491,0.00178700460784103,0,0.4
"Lachnospiraceae.Otu0033",3,"DrugBefore_NO",1.98200340904586e-05,4.85489702061914e-05,0,0.166666666666667
"Lachnospiraceae.Otu0033",3,"DrugBefore_YES",0.00147998383786133,0.00322955106296978,0,0.25
"Lachnospiraceae.Otu0033",4,"DrugBefore_NO",0.0148259622279596,0.0246654104065192,0.00787742443409964,0.666666666666667
"Lachnospiraceae.Otu0033",4,"DrugBefore_YES",0.000417670268952411,0.00069309487367811,3.05791694697572e-05,0.571428571428571
"Bacteroides.Otu0752",1,"DrugBefore_NO",0.000492589769765909,0.0006430332727134,0.000378317220396129,0.6
"Bacteroides.Otu0752",1,"DrugBefore_YES",0.0019587827391825,0.00214217864166696,0.0013728720483251,0.769230769230769
"Bacteroides.Otu0752",2,"DrugBefore_NO",0.000173622949568034,0.000216653728101076,0,0.428571428571429
"Bacteroides.Otu0752",2,"DrugBefore_YES",0.00150635176375522,0.00190635188073882,0.000633640288207325,0.8
"Bacteroides.Otu0752",3,"DrugBefore_NO",5.60265264118352e-05,9.73661200870545e-05,0,0.333333333333333
"Bacteroides.Otu0752",3,"DrugBefore_YES",0.00205369490873588,0.00234134595265165,0.00114263837121556,0.875
"Bacteroides.Otu0752",4,"DrugBefore_NO",0.00088793955191649,0.00167050259847018,0,0.333333333333333
"Bacteroides.Otu0752",4,"DrugBefore_YES",0.00248306728695113,0.00374190132090684,0.00022306491188936,0.714285714285714
"Clostridium_XlVa.Otu1856",1,"DrugBefore_NO",0.00186007856650885,0.00251531399297457,0.000791180965002434,0.9
"Clostridium_XlVa.Otu1856",1,"DrugBefore_YES",0.00109393984104574,0.00153814457981914,0.0005824111822947,0.769230769230769
"Clostridium_XlVa.Otu1856",2,"DrugBefore_NO",0.000727993481764148,0.00150381297803264,0.000195733020160501,0.571428571428571
"Clostridium_XlVa.Otu1856",2,"DrugBefore_YES",0.000426200433053522,0.000615357551277348,0.00024052790812315,0.9
"Clostridium_XlVa.Otu1856",3,"DrugBefore_NO",0.0097408682975364,0.0228016899181184,0.000288699491469747,0.833333333333333
"Clostridium_XlVa.Otu1856",3,"DrugBefore_YES",0.000474961517339154,0.000401204052188633,0.000348676961543599,0.875
"Clostridium_XlVa.Otu1856",4,"DrugBefore_NO",0.00268967437096051,0.00301319831434559,0.00142836567989403,0.833333333333333
"Clostridium_XlVa.Otu1856",4,"DrugBefore_YES",0.000546288947815561,0.000391387827111146,0.000470560555261455,0.857142857142857
"Alistipes.Otu2508",1,"DrugBefore_NO",0.0293445157305654,0.0674862990061294,0.00133757318796689,0.5
"Alistipes.Otu2508",1,"DrugBefore_YES",0.00881523152473804,0.0157129154567253,0.000519525500043294,0.538461538461538
"Alistipes.Otu2508",2,"DrugBefore_NO",0.0103599080011427,0.0180091111120055,0,0.285714285714286
"Alistipes.Otu2508",2,"DrugBefore_YES",0.00465461058806797,0.00659966565360917,0,0.4
"Alistipes.Otu2508",3,"DrugBefore_NO",0.000873907615480649,0.00214062774025996,0,0.166666666666667
"Alistipes.Otu2508",3,"DrugBefore_YES",0.00656288145230612,0.014168824662001,5.30054065514682e-05,0.5
"Alistipes.Otu2508",4,"DrugBefore_NO",0.00325131489419354,0.00792335856368235,0,0.333333333333333
"Alistipes.Otu2508",4,"DrugBefore_YES",0.00610778738699661,0.0116272972226322,0,0.428571428571429
"Bacteroides.Otu0399",1,"DrugBefore_NO",0.000833972793202382,0.0018869467449191,0,0.4
"Bacteroides.Otu0399",1,"DrugBefore_YES",0.000819607391460439,0.00192184160403081,0.000134480903711673,0.538461538461538
"Bacteroides.Otu0399",2,"DrugBefore_NO",0.000506971139954238,0.000563927279248243,0.000412541254125413,0.571428571428571
"Bacteroides.Otu0399",2,"DrugBefore_YES",0.000596265188138002,0.0016367984329891,0,0.4
"Bacteroides.Otu0399",3,"DrugBefore_NO",8.19322911545899e-06,2.00692306785893e-05,0,0.166666666666667
"Bacteroides.Otu0399",3,"DrugBefore_YES",0.00135347184986326,0.00250620123500941,0,0.25
"Bacteroides.Otu0399",4,"DrugBefore_NO",6.16356610690354e-05,0.000111951914682927,0,0.333333333333333
"Bacteroides.Otu0399",4,"DrugBefore_YES",0.00223485413779706,0.00476191903506501,0,0.428571428571429
"Bacteroides.Otu2375",1,"DrugBefore_NO",0.00261398678593263,0.00293721430275018,0.000960083288115014,0.8
"Bacteroides.Otu2375",1,"DrugBefore_YES",0.00338324216611072,0.0030784803861628,0.00281011641910879,0.846153846153846
"Bacteroides.Otu2375",2,"DrugBefore_NO",0.00360994115912378,0.00911334899123129,0,0.428571428571429
"Bacteroides.Otu2375",2,"DrugBefore_YES",0.00543321825108827,0.00499718454784687,0.00465604184390604,0.8
"Bacteroides.Otu2375",3,"DrugBefore_NO",0.00153651630327694,0.00327760664193674,0.000187265917602996,0.5
"Bacteroides.Otu2375",3,"DrugBefore_YES",0.00364385395576999,0.00390079159146614,0.00281306970938686,0.75
"Bacteroides.Otu2375",4,"DrugBefore_NO",0.00597668914295297,0.011639619944451,8.124796880078e-05,0.5
"Bacteroides.Otu2375",4,"DrugBefore_YES",0.00436863141283792,0.00474229019438686,0.00260824204486176,0.857142857142857
"Bacteroides.Otu0661",1,"DrugBefore_NO",0.0151212935716933,0.025198519184479,0.0027773857125145,0.7
"Bacteroides.Otu0661",1,"DrugBefore_YES",0.0129050942672243,0.0225415741950905,0.00391920410009044,0.769230769230769
"Bacteroides.Otu0661",2,"DrugBefore_NO",0.00359308612739015,0.00454581698462206,0.00251804599630687,0.571428571428571
"Bacteroides.Otu0661",2,"DrugBefore_YES",0.0176465871533967,0.0195897533882568,0.0124269422879928,0.8
"Bacteroides.Otu0661",3,"DrugBefore_NO",0.00168470289768898,0.00412666246752626,0,0.166666666666667
"Bacteroides.Otu0661",3,"DrugBefore_YES",0.0164283366088371,0.0152807575488229,0.0189972182874443,0.75
"Bacteroides.Otu0661",4,"DrugBefore_NO",0.00587445427847612,0.00914587981713405,0,0.333333333333333
"Bacteroides.Otu0661",4,"DrugBefore_YES",0.00932001341940482,0.0115707883612693,0.00758420700423823,0.857142857142857
"Bacteroides.Otu0312",1,"DrugBefore_NO",0.00192367328771083,0.00596923542867811,0,0.2
"Bacteroides.Otu0312",1,"DrugBefore_YES",0.00110081195614046,0.0038329956026653,0,0.230769230769231
"Bacteroides.Otu0312",2,"DrugBefore_NO",0.000176294293941353,0.00046643085932854,0,0.142857142857143
"Bacteroides.Otu0312",2,"DrugBefore_YES",0.00135473064529994,0.00416751040561695,0,0.4
"Bacteroides.Otu0312",3,"DrugBefore_NO",0.00388472668172989,0.0095155981604135,0,0.166666666666667
"Bacteroides.Otu0312",3,"DrugBefore_YES",7.37245650250664e-05,0.000208524559477012,0,0.125
"Bacteroides.Otu0312",4,"DrugBefore_NO",0.00617665010262568,0.010200551507957,4.16146483562214e-05,0.5
"Bacteroides.Otu0312",4,"DrugBefore_YES",0.000127465663936777,0.000337242447476446,0,0.142857142857143
"Faecalibacterium.Otu0751",1,"DrugBefore_NO",0.00869292341278526,0.0109819037188957,0.00578225558348477,0.9
"Faecalibacterium.Otu0751",1,"DrugBefore_YES",0.00275378285938389,0.00236801878234192,0.00268714011516315,0.846153846153846
"Faecalibacterium.Otu0751",2,"DrugBefore_NO",0.00948885058720835,0.0126584874788454,0.00322959483264827,0.857142857142857
"Faecalibacterium.Otu0751",2,"DrugBefore_YES",0.0063296414410969,0.0111986622375659,0.00148783782880191,0.8
"Faecalibacterium.Otu0751",3,"DrugBefore_NO",0.00355516520859948,0.00457672394973069,0.00235337418288213,0.666666666666667
"Faecalibacterium.Otu0751",3,"DrugBefore_YES",0.00735553955546788,0.00824168081176519,0.00480870631372304,1
"Faecalibacterium.Otu0751",4,"DrugBefore_NO",0.0135947905613532,0.0155210171623109,0.00908645868450297,1
"Faecalibacterium.Otu0751",4,"DrugBefore_YES",0.00646053005012106,0.00749078512945403,0.0033459736783404,1
"Bacteroides.Otu0877",1,"DrugBefore_NO",0.00398357897304992,0.00704704637817032,0.00119685517684346,0.7
"Bacteroides.Otu0877",1,"DrugBefore_YES",0.00520301946019961,0.0119531758121622,0.0011801730920535,0.846153846153846
"Bacteroides.Otu0877",2,"DrugBefore_NO",0.00741212383631151,0.0155778884506515,0.00123762376237624,0.714285714285714
"Bacteroides.Otu0877",2,"DrugBefore_YES",0.00183541381054967,0.00219293629988702,0.000420231349361329,0.7
"Bacteroides.Otu0877",3,"DrugBefore_NO",0.0176758418102084,0.0391571521675582,0.000416220715899631,0.5
"Bacteroides.Otu0877",3,"DrugBefore_YES",0.00122221296855909,0.0014945397969794,0.00054837446141794,0.5
"Bacteroides.Otu0877",4,"DrugBefore_NO",0.00197170728407309,0.00365452496923026,0.000550664634824004,0.666666666666667
"Bacteroides.Otu0877",4,"DrugBefore_YES",0.00120688434193093,0.00153482101943007,0.00022306491188936,0.714285714285714
"Bacteroides.Otu2120",1,"DrugBefore_NO",0.00186964310959365,0.00303238761006088,0.000220318444890731,0.6
"Bacteroides.Otu2120",1,"DrugBefore_YES",0.00353547203577228,0.00458247938039471,0.00161030595813205,0.692307692307692
"Bacteroides.Otu2120",2,"DrugBefore_NO",0.00299262554175424,0.00664015691097398,0,0.285714285714286
"Bacteroides.Otu2120",2,"DrugBefore_YES",0.00471956543869626,0.00632973886450071,0.00199915558289085,0.7
"Bacteroides.Otu2120",3,"DrugBefore_NO",0.000491593746927539,0.00120415384071536,0,0.166666666666667
"Bacteroides.Otu2120",3,"DrugBefore_YES",0.00344134154571308,0.00358229123520407,0.00329533841410879,0.625
"Bacteroides.Otu2120",4,"DrugBefore_NO",0,0,0,0
"Bacteroides.Otu2120",4,"DrugBefore_YES",0.00189526127614589,0.00222349044433533,0.00097497562560936,0.714285714285714
"Bacteroides.Otu2523",1,"DrugBefore_NO",0.00362584686914172,0.00826160805133118,3.09962184613477e-05,0.5
"Bacteroides.Otu2523",1,"DrugBefore_YES",0.000860057620181028,0.0026453118382507,0,0.230769230769231
"Bacteroides.Otu2523",2,"DrugBefore_NO",0.0113983331113274,0.0300831962305673,0,0.285714285714286
"Bacteroides.Otu2523",2,"DrugBefore_YES",2.24481145278113e-05,4.73266588339861e-05,0,0.2
"Bacteroides.Otu2523",3,"DrugBefore_NO",1.98200340904586e-05,4.85489702061914e-05,0,0.166666666666667
"Bacteroides.Otu2523",3,"DrugBefore_YES",5.17615202537289e-05,0.000119434006133164,0,0.25
"Bacteroides.Otu2523",4,"DrugBefore_NO",0.00481342765986961,0.0117904416804794,0,0.166666666666667
"Bacteroides.Otu2523",4,"DrugBefore_YES",7.0256453218451e-05,0.000130862707546608,0,0.285714285714286
"Bacteroides.Otu2038",1,"DrugBefore_NO",0.0347399806954009,0.0876575046164894,0.00213694710564975,0.9
"Bacteroides.Otu2038",1,"DrugBefore_YES",0.0196813193660128,0.0423448064640732,0.00658956428187197,0.846153846153846
"Bacteroides.Otu2038",2,"DrugBefore_NO",0.00633501047065472,0.0132798676601617,0.000485908649173955,0.714285714285714
"Bacteroides.Otu2038",2,"DrugBefore_YES",0.0281095613947035,0.0545275307330528,0.0079465314562736,0.8
"Bacteroides.Otu2038",3,"DrugBefore_NO",0.0578541595384711,0.137131597174152,0.00226133123586668,0.5
"Bacteroides.Otu2038",3,"DrugBefore_YES",0.00878749093271336,0.00930603373959458,0.00723704843549944,0.75
"Bacteroides.Otu2038",4,"DrugBefore_NO",0.0751916195187061,0.11286312737189,0.0200582605076987,0.5
"Bacteroides.Otu2038",4,"DrugBefore_YES",0.0106506236978779,0.0177261141964261,0.00134138162307176,0.857142857142857
"Bacteroides.Otu0786",1,"DrugBefore_NO",0.003900798255267,0.0075523008651226,0.000653665976685913,0.5
"Bacteroides.Otu0786",1,"DrugBefore_YES",0.0210947501911196,0.0692070123686548,0,0.461538461538462
"Bacteroides.Otu0786",2,"DrugBefore_NO",0.0553877998671667,0.121621547760419,0.00866336633663366,0.714285714285714
"Bacteroides.Otu0786",2,"DrugBefore_YES",0.00376176759189953,0.00994051245881118,0,0.3
"Bacteroides.Otu0786",3,"DrugBefore_NO",0.0142721939233612,0.0335131709376846,0,0.333333333333333
"Bacteroides.Otu0786",3,"DrugBefore_YES",0.00925364215513336,0.0175228243521221,0,0.375
"Bacteroides.Otu0786",4,"DrugBefore_NO",0.00406992877624642,0.00996924879127369,0,0.166666666666667
"Bacteroides.Otu0786",4,"DrugBefore_YES",0.0204225196661814,0.0493466199752013,0,0.428571428571429
"Parabacteroides.Otu0538",1,"DrugBefore_NO",0.000546170794139725,0.00110969444373776,0,0.4
"Parabacteroides.Otu0538",1,"DrugBefore_YES",0.00099482650319406,0.00245592752258857,0,0.384615384615385
"Parabacteroides.Otu0538",2,"DrugBefore_NO",0.0010783196865083,0.00278219875452227,0,0.285714285714286
"Parabacteroides.Otu0538",2,"DrugBefore_YES",0.000242198941083699,0.00076590030070542,0,0.1
"Parabacteroides.Otu0538",3,"DrugBefore_NO",4.91593746927539e-05,0.000120415384071536,0,0.166666666666667
"Parabacteroides.Otu0538",3,"DrugBefore_YES",0.000254338188864764,0.000594345370223956,0,0.25
"Parabacteroides.Otu0538",4,"DrugBefore_NO",0.000138715494520738,0.000339782180993644,0,0.166666666666667
"Parabacteroides.Otu0538",4,"DrugBefore_YES",0.0024246722631652,0.00594158049591895,0,0.428571428571429
"Bacteroides.Otu2520",1,"DrugBefore_NO",0.0658461716586061,0.147404287976331,0.00503532543902003,0.9
"Bacteroides.Otu2520",1,"DrugBefore_YES",0.0574070265386264,0.0635057972707135,0.0261036468330134,0.846153846153846
"Bacteroides.Otu2520",2,"DrugBefore_NO",0.0156689392353127,0.0203149753614158,0.010743662917576,0.857142857142857
"Bacteroides.Otu2520",2,"DrugBefore_YES",0.0494746374611516,0.0631407686021636,0.00938107879617051,0.8
"Bacteroides.Otu2520",3,"DrugBefore_NO",0.00266606918251995,0.00352132394505109,0.00151026946848951,0.833333333333333
"Bacteroides.Otu2520",3,"DrugBefore_YES",0.0506716293485479,0.0838366464636332,0.0108108108108108,0.5
"Bacteroides.Otu2520",4,"DrugBefore_NO",0.0607816469743606,0.122115616366372,8.32292967124428e-05,0.5
"Bacteroides.Otu2520",4,"DrugBefore_YES",0.0631919960811573,0.130509094301675,0.0119676717438607,0.714285714285714
"Bacteroides.Otu2765",1,"DrugBefore_NO",0.00871540462248457,0.015984319207889,0.00326860829548609,1
"Bacteroides.Otu2765",1,"DrugBefore_YES",0.015727988795007,0.0181651708004569,0.0089303047951854,0.846153846153846
"Bacteroides.Otu2765",2,"DrugBefore_NO",0.00485444329109036,0.00788059236326152,0.00184656706395837,0.714285714285714
"Bacteroides.Otu2765",2,"DrugBefore_YES",0.0114611590691315,0.0156133264818608,0.00147622436415686,0.7
"Bacteroides.Otu2765",3,"DrugBefore_NO",0.0236953434692327,0.0385665978311913,0.0003195359355029,0.5
"Bacteroides.Otu2765",3,"DrugBefore_YES",0.0152167180050858,0.0201365110937631,0.00815992271316868,0.625
"Bacteroides.Otu2765",4,"DrugBefore_NO",0.00464410082952654,0.0108578738432267,0.00016249593760156,0.5
"Bacteroides.Otu2765",4,"DrugBefore_YES",0.0179933845466373,0.0220044431002816,0.0119233922050823,1
"Blautia.Otu2475",1,"DrugBefore_NO",0.0095857184905117,0.0129002198581366,0.00358992587109804,1
"Blautia.Otu2475",1,"DrugBefore_YES",0.00426640244345743,0.00546219188401542,0.0013721671388102,0.846153846153846
"Blautia.Otu2475",2,"DrugBefore_NO",0.00660297794552252,0.0101604851042431,0.00166373067136426,0.857142857142857
"Blautia.Otu2475",2,"DrugBefore_YES",0.00939657016267472,0.0148487134887822,0.00472091910105684,0.8
"Blautia.Otu2475",3,"DrugBefore_NO",0.0257729607508267,0.0239915486007048,0.0209123822012196,1
"Blautia.Otu2475",3,"DrugBefore_YES",0.00911673372754808,0.010319428193444,0.00652525171235048,1
"Blautia.Otu2475",4,"DrugBefore_NO",0.00865971280496185,0.00821641158678604,0.0046040272731742,1
"Blautia.Otu2475",4,"DrugBefore_YES",0.0112971038056661,0.0165999993014609,0.00335345405767941,1
"Dorea.Otu1142",1,"DrugBefore_NO",0.00579350321713279,0.0101363394725435,0.00278939114234018,0.9
"Dorea.Otu1142",1,"DrugBefore_YES",0.00217108326203691,0.00449089237094847,0.000346350333362196,0.538461538461538
"Dorea.Otu1142",2,"DrugBefore_NO",0.00133403900533129,0.001571800494509,0.000809847748623259,0.714285714285714
"Dorea.Otu1142",2,"DrugBefore_YES",0.000582269737662505,0.000734172177199964,0.000353942067592131,0.8
"Dorea.Otu1142",3,"DrugBefore_NO",0.00651059033224574,0.0099999722053277,0.00233852166604753,1
"Dorea.Otu1142",3,"DrugBefore_YES",0.00476540031312231,0.0110187409004959,0.000629611266115223,0.75
"Dorea.Otu1142",4,"DrugBefore_NO",0.00302758318849013,0.00568989860721754,0.000576900316873444,1
"Dorea.Otu1142",4,"DrugBefore_YES",0.00153077661967071,0.00281806242875856,0.000411740485853773,0.857142857142857
"Lachnospiracea_incertae_sedis.Otu1990",1,"DrugBefore_NO",0.00109982210596532,0.00293143311150753,6.07053967097675e-05,0.5
"Lachnospiracea_incertae_sedis.Otu1990",1,"DrugBefore_YES",0.000239232120895039,0.000617787695551589,0,0.307692307692308
"Lachnospiracea_incertae_sedis.Otu1990",2,"DrugBefore_NO",0.000170781904966774,0.000310646561171273,0,0.285714285714286
"Lachnospiracea_incertae_sedis.Otu1990",2,"DrugBefore_YES",0.00697166914089695,0.0176876191037383,0.000510117115340658,0.6
"Lachnospiracea_incertae_sedis.Otu1990",3,"DrugBefore_NO",0.000298626588753257,0.000618926426829057,0,0.333333333333333
"Lachnospiracea_incertae_sedis.Otu1990",3,"DrugBefore_YES",0.000771959046183475,0.001659332191854,0,0.25
"Lachnospiracea_incertae_sedis.Otu1990",4,"DrugBefore_NO",0.00117115864585006,0.00215852446701941,0,0.333333333333333
"Lachnospiracea_incertae_sedis.Otu1990",4,"DrugBefore_YES",0.000901712532160819,0.00206515286263022,0.000149042402563529,0.714285714285714
"Bacteroides.Otu0001",1,"DrugBefore_NO",0.063125842775098,0.0644316884128726,0.0554681550312143,0.8
"Bacteroides.Otu0001",1,"DrugBefore_YES",0.158015600562881,0.146628539948477,0.124733061541448,0.846153846153846
"Bacteroides.Otu0001",2,"DrugBefore_NO",0.0195113974914643,0.0181324435471659,0.0264239577216676,0.857142857142857
"Bacteroides.Otu0001",2,"DrugBefore_YES",0.1604282796519,0.128532978665345,0.212023057456935,0.8
"Bacteroides.Otu0001",3,"DrugBefore_NO",0.0138784480697599,0.0202094183884972,0.00187265917602996,0.5
"Bacteroides.Otu0001",3,"DrugBefore_YES",0.138184344488663,0.115003803839944,0.113454622253067,0.75
"Bacteroides.Otu0001",4,"DrugBefore_NO",0.0533504650944516,0.104352150152513,0.00883359541208029,0.5
"Bacteroides.Otu0001",4,"DrugBefore_YES",0.121086732518331,0.108072244483604,0.124077800134138,1
"Clostridium_XlVa.Otu0236",1,"DrugBefore_NO",0.0055004092870782,0.00722043661063521,0.00175543386900057,1
"Clostridium_XlVa.Otu0236",1,"DrugBefore_YES",0.00285465769835035,0.00236535740022702,0.00215169445938677,0.923076923076923
"Clostridium_XlVa.Otu0236",2,"DrugBefore_NO",0.000924672803496364,0.00085247867048455,0.000782932080642004,0.857142857142857
"Clostridium_XlVa.Otu0236",2,"DrugBefore_YES",0.00143786581716789,0.00161947061785376,0.000765569020598274,0.7
"Clostridium_XlVa.Otu0236",3,"DrugBefore_NO",0.00217741469850556,0.00183253488189467,0.00237173136925678,1
"Clostridium_XlVa.Otu0236",3,"DrugBefore_YES",0.00450284599906111,0.0062583799611269,0.0019220036919152,1
"Clostridium_XlVa.Otu0236",4,"DrugBefore_NO",0.00322451717001659,0.00201008400363223,0.00320760491803013,0.833333333333333
"Clostridium_XlVa.Otu0236",4,"DrugBefore_YES",0.00321932043196679,0.00262048623998412,0.00388212458090701,0.857142857142857
"Lachnospiracea_incertae_sedis.Otu2746",1,"DrugBefore_NO",0.000891502248720908,0.00230358538708968,6.8337960073337e-05,0.6
"Lachnospiracea_incertae_sedis.Otu2746",1,"DrugBefore_YES",0.000297252733952454,0.000927970051353021,0,0.230769230769231
"Lachnospiracea_incertae_sedis.Otu2746",2,"DrugBefore_NO",0.00046846497417127,0.00107675079660683,0,0.285714285714286
"Lachnospiracea_incertae_sedis.Otu2746",2,"DrugBefore_YES",0.00582933114473332,0.0151115449244352,0.000258390993361371,0.7
"Lachnospiracea_incertae_sedis.Otu2746",3,"DrugBefore_NO",0.000749948395654713,0.0011863726579339,7.37390620391309e-05,0.5
"Lachnospiracea_incertae_sedis.Otu2746",3,"DrugBefore_YES",0.000373357397803943,0.000785420569895459,0,0.375
"Lachnospiracea_incertae_sedis.Otu2746",4,"DrugBefore_NO",0.00626046997128859,0.014381334326989,0.00015581177937052,0.5
"Lachnospiracea_incertae_sedis.Otu2746",4,"DrugBefore_YES",0.000781662204955918,0.00182468876444806,3.05791694697572e-05,0.571428571428571
"Bacteroides.Otu2625",1,"DrugBefore_NO",0.0113003546070036,0.033007472441121,0.000319575389186349,0.6
"Bacteroides.Otu2625",1,"DrugBefore_YES",0.0258273022437563,0.0529171913104179,0.00121222616676769,0.692307692307692
"Bacteroides.Otu2625",2,"DrugBefore_NO",0.00411353352529823,0.0108833867176659,0,0.142857142857143
"Bacteroides.Otu2625",2,"DrugBefore_YES",0.00732740109343231,0.0129676174569935,0.00109227933793674,0.7
"Bacteroides.Otu2625",3,"DrugBefore_NO",0.0010353530069796,0.00167552377972141,0.000118920204542752,0.5
"Bacteroides.Otu2625",3,"DrugBefore_YES",0.0308982478672477,0.0843827070103358,0,0.375
"Bacteroides.Otu2625",4,"DrugBefore_NO",0.0106461763513703,0.0245692239210934,0,0.333333333333333
"Bacteroides.Otu2625",4,"DrugBefore_YES",0.00202159235861098,0.00391791514867881,3.05791694697572e-05,0.571428571428571
"Bacteroides.Otu0006",1,"DrugBefore_NO",0.00898556567338697,0.00999822185642843,0.00555258855628759,0.8
"Bacteroides.Otu0006",1,"DrugBefore_YES",0.0116883686669611,0.00945065500852508,0.0107571369466281,0.846153846153846
"Bacteroides.Otu0006",2,"DrugBefore_NO",0.00126409352152468,0.00187155758976475,0.000825082508250825,0.714285714285714
"Bacteroides.Otu0006",2,"DrugBefore_YES",0.0171893952129702,0.0138311890267537,0.0183143915985073,0.8
"Bacteroides.Otu0006",3,"DrugBefore_NO",0.00608856306007795,0.0122731217402445,0,0.333333333333333
"Bacteroides.Otu0006",3,"DrugBefore_YES",0.0111878636045597,0.0106453752931938,0.00960548333314359,0.75
"Bacteroides.Otu0006",4,"DrugBefore_NO",0.0127410605409982,0.0151680509530947,0.00744611969290537,0.5
"Bacteroides.Otu0006",4,"DrugBefore_YES",0.0118385499069754,0.0121426136904229,0.00931515016022058,0.857142857142857
"Lachnospiraceae.Otu0790",1,"DrugBefore_NO",0.0025188064700179,0.00335790127479303,0.000893113906234971,0.7
"Lachnospiraceae.Otu0790",1,"DrugBefore_YES",0.0024997112120918,0.00364879933529411,0.00128824476650564,0.692307692307692
"Lachnospiraceae.Otu0790",2,"DrugBefore_NO",0.000433511899737229,0.000912208697458001,0,0.428571428571429
"Lachnospiraceae.Otu0790",2,"DrugBefore_YES",0.00102557777074933,0.00150828803794373,0.00032890021743005,0.6
"Lachnospiraceae.Otu0790",3,"DrugBefore_NO",0.00304760459529992,0.00406409854038603,0.00105922802474687,0.666666666666667
"Lachnospiraceae.Otu0790",3,"DrugBefore_YES",0.00360552185452598,0.00570532936175822,0.000922695920854036,0.875
"Lachnospiraceae.Otu0790",4,"DrugBefore_NO",0.000873697351220274,0.0016731159863156,9.24983812783276e-05,0.5
"Lachnospiraceae.Otu0790",4,"DrugBefore_YES",0.00293113643050905,0.00455916784307949,0.0008124796880078,0.857142857142857
"Bacteroides.Otu2104",1,"DrugBefore_NO",0.0050848717419016,0.00743768496373521,0.00241045647335617,0.9
"Bacteroides.Otu2104",1,"DrugBefore_YES",0.00693756476135475,0.00934031058767379,0.00192202086765513,0.769230769230769
"Bacteroides.Otu2104",2,"DrugBefore_NO",0.00276541979214895,0.00332605821166131,0.000971817298347911,0.714285714285714
"Bacteroides.Otu2104",2,"DrugBefore_YES",0.00481576428717628,0.0074619727570235,0.000682866253689113,0.6
"Bacteroides.Otu2104",3,"DrugBefore_NO",0.0169990452022076,0.0303132486584619,0.000122898436731885,0.5
"Bacteroides.Otu2104",3,"DrugBefore_YES",0.0074093630554703,0.00980313917924104,0.00347793528851843,0.625
"Bacteroides.Otu2104",4,"DrugBefore_NO",0.00217027889397045,0.00475450855611046,8.124796880078e-05,0.5
"Bacteroides.Otu2104",4,"DrugBefore_YES",0.00966851929566654,0.0118582063503113,0.00670690811535882,0.857142857142857
"Prevotella.Otu2602",1,"DrugBefore_NO",0.00245529449714465,0.00512969673835349,0,0.3
"Prevotella.Otu2602",1,"DrugBefore_YES",0.00162687811581629,0.00451214191960713,0,0.153846153846154
"Prevotella.Otu2602",2,"DrugBefore_NO",0.0135615021111204,0.0358803619905021,0,0.142857142857143
"Prevotella.Otu2602",2,"DrugBefore_YES",0.00403893144867051,0.0127325207572802,0,0.2
"Prevotella.Otu2602",3,"DrugBefore_NO",0.0111755645134861,0.0273744306455958,0,0.166666666666667
"Prevotella.Otu2602",3,"DrugBefore_YES",0.000455585692490253,0.00128859093028571,0,0.125
"Prevotella.Otu2602",4,"DrugBefore_NO",0,0,0,0
"Prevotella.Otu2602",4,"DrugBefore_YES",0,0,0,0
"Bacteroides.Otu0069",1,"DrugBefore_NO",0.00606407633232551,0.00681760554083116,0.00345304888487697,0.8
"Bacteroides.Otu0069",1,"DrugBefore_YES",0.0202987962433843,0.0199257501291247,0.0162797708772988,0.846153846153846
"Bacteroides.Otu0069",2,"DrugBefore_NO",0.00249862514365657,0.00257489083230368,0.00287947346770876,0.714285714285714
"Bacteroides.Otu0069",2,"DrugBefore_YES",0.0207054872160505,0.0157227899855106,0.0244626917843623,0.8
"Bacteroides.Otu0069",3,"DrugBefore_NO",0.000994889073440887,0.00156754504500351,0.000374531835205993,0.5
"Bacteroides.Otu0069",3,"DrugBefore_YES",0.0186753385898347,0.0184103733486476,0.012495667065038,0.75
"Bacteroides.Otu0069",4,"DrugBefore_NO",0.00339749684743035,0.00717558059355918,0.00032499187520312,0.5
"Bacteroides.Otu0069",4,"DrugBefore_YES",0.013772827628193,0.0135640110834962,0.0136373798345629,0.857142857142857
"Erysipelotrichaceae_incertae_sedis.Otu0818",1,"DrugBefore_NO",0.0426050389762058,0.12094301215053,0.00067466444450773,0.7
"Erysipelotrichaceae_incertae_sedis.Otu0818",1,"DrugBefore_YES",0.00249941366913853,0.00306156771701221,0.0013728720483251,0.692307692307692
"Erysipelotrichaceae_incertae_sedis.Otu0818",2,"DrugBefore_NO",0.000941041250333467,0.00154013204390319,0,0.428571428571429
"Erysipelotrichaceae_incertae_sedis.Otu0818",2,"DrugBefore_YES",0.0018707265373756,0.00304874008825148,0.00048077291864553,1
"Erysipelotrichaceae_incertae_sedis.Otu0818",3,"DrugBefore_NO",0.0144830198025348,0.0186345374746091,0.00602793101113177,1
"Erysipelotrichaceae_incertae_sedis.Otu0818",3,"DrugBefore_YES",0.00485413386248088,0.00829686658799969,0.00149097377928632,1
"Erysipelotrichaceae_incertae_sedis.Otu0818",4,"DrugBefore_NO",0.0307579666593695,0.0740236064662274,0.000212707784064049,0.666666666666667
"Erysipelotrichaceae_incertae_sedis.Otu0818",4,"DrugBefore_YES",0.00164162035829848,0.000932127435134108,0.00200758420700424,1
"Akkermansia.Otu1935",1,"DrugBefore_NO",0.00628590508615429,0.0115401744943966,0,0.4
"Akkermansia.Otu1935",1,"DrugBefore_YES",0.0133053201674251,0.0476765183649807,0,0.307692307692308
"Akkermansia.Otu1935",2,"DrugBefore_NO",0.000353606789250354,0.000935555626260463,0,0.142857142857143
"Akkermansia.Otu1935",2,"DrugBefore_YES",0.000343815189677818,0.00108723909354472,0,0.1
"Akkermansia.Otu1935",3,"DrugBefore_NO",6.24219725343321e-05,0.00015290198144714,0,0.166666666666667
"Akkermansia.Otu1935",3,"DrugBefore_YES",0.000812769291030161,0.00229885870891044,0,0.125
"Akkermansia.Otu1935",4,"DrugBefore_NO",1.54163968797213e-05,3.77623060275518e-05,0,0.166666666666667
"Akkermansia.Otu1935",4,"DrugBefore_YES",0,0,0,0
"Bacteroides.Otu2416",1,"DrugBefore_NO",0.000895934283768876,0.00106977072402707,0.000480449012402389,0.7
"Bacteroides.Otu2416",1,"DrugBefore_YES",0.00389061901685069,0.00693970019704669,0.0015220700152207,0.692307692307692
"Bacteroides.Otu2416",2,"DrugBefore_NO",0.000692646379059661,0.00137431080944433,0,0.428571428571429
"Bacteroides.Otu2416",2,"DrugBefore_YES",0.00208039501737799,0.00281176461341866,0.000489984822330393,0.8
"Bacteroides.Otu2416",3,"DrugBefore_NO",0.000262183331694688,0.000642215381714857,0,0.166666666666667
"Bacteroides.Otu2416",3,"DrugBefore_YES",0.00335083086410396,0.0037754910993837,0.0026047190619821,0.75
"Bacteroides.Otu2416",4,"DrugBefore_NO",4.47043432115163e-05,7.63675954523292e-05,0,0.333333333333333
"Bacteroides.Otu2416",4,"DrugBefore_YES",0.001644337834756,0.00145475476118462,0.00194995125121872,0.857142857142857
"Bacteroides.Otu2383",1,"DrugBefore_NO",0.00235513201743222,0.00443859727747568,0.000216973529229434,0.5
"Bacteroides.Otu2383",1,"DrugBefore_YES",0.00161692579620048,0.00403042156302955,9.706853038245e-05,0.538461538461538
"Bacteroides.Otu2383",2,"DrugBefore_NO",0.000375657314113319,0.000477710713466641,0.000411353352529823,0.571428571428571
"Bacteroides.Otu2383",2,"DrugBefore_YES",0.00167755584674931,0.00323485298244531,0.000185144464082446,0.7
"Bacteroides.Otu2383",3,"DrugBefore_NO",0.000336940579537797,0.000825332493505253,0,0.166666666666667
"Bacteroides.Otu2383",3,"DrugBefore_YES",0.00142338704345753,0.00238111527748518,0.000274952396518533,0.625
"Bacteroides.Otu2383",4,"DrugBefore_NO",0.0011715178532718,0.00181869083185496,0,0.333333333333333
"Bacteroides.Otu2383",4,"DrugBefore_YES",0.000736956506209669,0.00110093854298855,0.000230751480655334,0.571428571428571
"Bacteroides.Otu0480",1,"DrugBefore_NO",0.00454861694972255,0.00977233110954562,0,0.2
"Bacteroides.Otu0480",1,"DrugBefore_YES",0.0124434793052153,0.0446082671247185,0,0.230769230769231
"Bacteroides.Otu0480",2,"DrugBefore_NO",0.00618811881188119,0.0163722234595581,0,0.142857142857143
"Bacteroides.Otu0480",2,"DrugBefore_YES",0.000250841772824783,0.000470647385187027,0,0.4
"Bacteroides.Otu0480",3,"DrugBefore_NO",0,0,0,0
"Bacteroides.Otu0480",3,"DrugBefore_YES",0.00212116294012423,0.00406469917226825,0,0.25
"Bacteroides.Otu0480",4,"DrugBefore_NO",0.00014903810595469,0.000246277800840517,0,0.333333333333333
"Bacteroides.Otu0480",4,"DrugBefore_YES",0.0115035250027309,0.0304354663578397,0,0.142857142857143
"Sutterella.Otu1997",1,"DrugBefore_NO",0.00149418350558246,0.00397866566237938,0,0.2
"Sutterella.Otu1997",1,"DrugBefore_YES",0.00496161157910154,0.0159481183069385,0,0.230769230769231
"Sutterella.Otu1997",2,"DrugBefore_NO",0,0,0,0
"Sutterella.Otu1997",2,"DrugBefore_YES",0.00335155350978136,0.0105985427908405,0,0.1
"Sutterella.Otu1997",3,"DrugBefore_NO",0,0,0,0
"Sutterella.Otu1997",3,"DrugBefore_YES",0.00426979149008306,0.0120767940675614,0,0.125
"Sutterella.Otu1997",4,"DrugBefore_NO",0,0,0,0
"Sutterella.Otu1997",4,"DrugBefore_YES",0,0,0,0
"Turicibacter.Otu0468",1,"DrugBefore_NO",0.00201538444174035,0.00388860999965428,0,0.4
"Turicibacter.Otu0468",1,"DrugBefore_YES",0.000257986622597046,0.000617385865504731,0,0.384615384615385
"Turicibacter.Otu0468",2,"DrugBefore_NO",5.89344648750589e-05,0.000155925937710077,0,0.142857142857143
"Turicibacter.Otu0468",2,"DrugBefore_YES",0.0037571242164991,0.010522504204862,0,0.3
"Turicibacter.Otu0468",3,"DrugBefore_NO",0.000337485235867389,0.000534646415682543,0,0.333333333333333
"Turicibacter.Otu0468",3,"DrugBefore_YES",0.000599500237813101,0.00143756495062799,0,0.375
"Turicibacter.Otu0468",4,"DrugBefore_NO",0.0143947745157293,0.0350833871714177,4.16146483562214e-05,0.5
"Turicibacter.Otu0468",4,"DrugBefore_YES",0.000144684919609345,0.000239184239331597,7.69171602184447e-05,0.571428571428571
"Prevotella.Otu2501",1,"DrugBefore_NO",0.00284040167837973,0.00814674718108931,0,0.3
"Prevotella.Otu2501",1,"DrugBefore_YES",0.00176216716694294,0.00635358407635188,0,0.0769230769230769
"Prevotella.Otu2501",2,"DrugBefore_NO",0.0112193091072756,0.0289141645522185,0,0.285714285714286
"Prevotella.Otu2501",2,"DrugBefore_YES",0.000770287710430719,0.00224100484068734,0,0.2
"Prevotella.Otu2501",3,"DrugBefore_NO",0.000262183331694688,0.000642215381714857,0,0.166666666666667
"Prevotella.Otu2501",3,"DrugBefore_YES",2.1190032208849e-05,5.99344618737538e-05,0,0.125
"Prevotella.Otu2501",4,"DrugBefore_NO",0,0,0,0
"Prevotella.Otu2501",4,"DrugBefore_YES",0,0,0,0
"Prevotella.Otu2327",1,"DrugBefore_NO",0.00180721357780678,0.0054254352066063,0,0.3
"Prevotella.Otu2327",1,"DrugBefore_YES",0.000173351523208702,0.000413777303484185,0,0.230769230769231
"Prevotella.Otu2327",2,"DrugBefore_NO",0.00514498224421889,0.0136123435180462,0,0.142857142857143
"Prevotella.Otu2327",2,"DrugBefore_YES",0.00109321058688147,0.00345703541675484,0,0.1
"Prevotella.Otu2327",3,"DrugBefore_NO",0.00427686559826959,0.0104761384142236,0,0.166666666666667
"Prevotella.Otu2327",3,"DrugBefore_YES",0.000148330225461943,0.000419541233116277,0,0.125
"Prevotella.Otu2327",4,"DrugBefore_NO",0,0,0,0
"Prevotella.Otu2327",4,"DrugBefore_YES",0,0,0,0
"Clostridium_XI.Otu1804",1,"DrugBefore_NO",0.0211097909097757,0.0350926256383405,0.00339732011392914,0.9
"Clostridium_XI.Otu1804",1,"DrugBefore_YES",0.00494218787923995,0.0105483104601127,0.00165494414563508,0.769230769230769
"Clostridium_XI.Otu1804",2,"DrugBefore_NO",0.00363275619551727,0.0052609351806131,0.00285378546248111,0.571428571428571
"Clostridium_XI.Otu1804",2,"DrugBefore_YES",0.0161891018491454,0.04364577517486,0.00093373245727238,0.9
"Clostridium_XI.Otu1804",3,"DrugBefore_NO",0.0037411803942729,0.00471879547854256,0.00225042841872019,0.833333333333333
"Clostridium_XI.Otu1804",3,"DrugBefore_YES",0.00778979654816432,0.0103950077708979,0.00193416253439339,1
"Clostridium_XI.Otu1804",4,"DrugBefore_NO",0.026747255288163,0.0462937598347866,0.00720727976390686,1
"Clostridium_XI.Otu1804",4,"DrugBefore_YES",0.0149684583576145,0.0188408011140558,0.00483150877622164,1
"Bacteroides.Otu2534",1,"DrugBefore_NO",5.52783771452547e-05,0.000117606636777613,0,0.2
"Bacteroides.Otu2534",1,"DrugBefore_YES",0.00623624201585047,0.0169145002331555,0,0.307692307692308
"Bacteroides.Otu2534",2,"DrugBefore_NO",7.19441713230533e-05,0.000190346385601424,0,0.142857142857143
"Bacteroides.Otu2534",2,"DrugBefore_YES",0.000569640957282303,0.00126415453379309,0,0.3
"Bacteroides.Otu2534",3,"DrugBefore_NO",0,0,0,0
"Bacteroides.Otu2534",3,"DrugBefore_YES",0.00328383071264949,0.00915132168024352,0,0.25
"Bacteroides.Otu2534",4,"DrugBefore_NO",0,0,0,0
"Bacteroides.Otu2534",4,"DrugBefore_YES",0.0017868547071806,0.00423736264267491,0,0.285714285714286
"Bacteroides.Otu0763",1,"DrugBefore_NO",0.000987175715622104,0.00117291660049646,0.000544757694074414,1
"Bacteroides.Otu0763",1,"DrugBefore_YES",0.00173333027535454,0.00148385185995984,0.00147198891678933,0.846153846153846
"Bacteroides.Otu0763",2,"DrugBefore_NO",0.000123846061785032,0.000170431545737816,0,0.428571428571429
"Bacteroides.Otu0763",2,"DrugBefore_YES",0.00198534244978123,0.0020640246977683,0.00163435277047728,0.7
"Bacteroides.Otu0763",3,"DrugBefore_NO",0.000381340300974632,0.000863856483671662,0,0.333333333333333
"Bacteroides.Otu0763",3,"DrugBefore_YES",0.00227024719633069,0.0021963124999782,0.00211291352073465,0.875
"Bacteroides.Otu0763",4,"DrugBefore_NO",0.000955656219558951,0.00169179114692283,0,0.333333333333333
"Bacteroides.Otu0763",4,"DrugBefore_YES",0.00114303028964845,0.00120936239029959,0.00044612982377872,0.714285714285714
"Clostridiales.Otu0562",1,"DrugBefore_NO",5.98369618302384e-05,0.000143982997106576,0,0.2
"Clostridiales.Otu0562",1,"DrugBefore_YES",0,0,0,0
"Clostridiales.Otu0562",2,"DrugBefore_NO",0,0,0,0
"Clostridiales.Otu0562",2,"DrugBefore_YES",0.000620539869686627,0.00196231936715382,0,0.1
"Clostridiales.Otu0562",3,"DrugBefore_NO",0.0408605820235616,0.0999129021694454,0,0.333333333333333
"Clostridiales.Otu0562",3,"DrugBefore_YES",9.27594614650694e-05,0.000262363376884651,0,0.125
"Clostridiales.Otu0562",4,"DrugBefore_NO",0.00836820083682008,0.0204978221153404,0,0.166666666666667
"Clostridiales.Otu0562",4,"DrugBefore_YES",9.55992479525828e-05,0.000252931835607335,0,0.142857142857143
"Blautia.Otu0620",1,"DrugBefore_NO",0.00398871369055247,0.00769427736172722,0.000628673676871224,0.9
"Blautia.Otu0620",1,"DrugBefore_YES",0.000762974932741406,0.00123905941068155,0.000401445202729827,0.692307692307692
"Blautia.Otu0620",2,"DrugBefore_NO",0.000203920872499849,0.000259111767699295,0.000161969549724652,0.571428571428571
"Blautia.Otu0620",2,"DrugBefore_YES",0.00200082346013383,0.00523387544000772,0.000353926072763792,0.6
"Blautia.Otu0620",3,"DrugBefore_NO",0.000683905732565991,0.00102345749105404,0.000231517913696015,0.666666666666667
"Blautia.Otu0620",3,"DrugBefore_YES",0.0017459585918546,0.00126184894124492,0.00213954336711624,0.875
"Blautia.Otu0620",4,"DrugBefore_NO",0.000705645398166907,0.000750254690401151,0.000600970140260482,0.666666666666667
"Blautia.Otu0620",4,"DrugBefore_YES",0.00192562845780298,0.00366654828300066,0.00029410034703841,0.714285714285714
"Bacteroides.Otu0929",1,"DrugBefore_NO",0.0141864245412596,0.022493778364047,0.00357101344350275,0.7
"Bacteroides.Otu0929",1,"DrugBefore_YES",0.0297239587429593,0.0621961997184848,0.00372362432767894,0.769230769230769
"Bacteroides.Otu0929",2,"DrugBefore_NO",0.00567844664097585,0.00643320817690101,0.00419674332717811,0.571428571428571
"Bacteroides.Otu0929",2,"DrugBefore_YES",0.0224973835077686,0.0253274859829218,0.015855405067663,0.8
"Bacteroides.Otu0929",3,"DrugBefore_NO",0.00206424541567065,0.00487516799276753,0,0.333333333333333
"Bacteroides.Otu0929",3,"DrugBefore_YES",0.0253023661781283,0.0258757091252581,0.0213422617986398,0.875
"Bacteroides.Otu0929",4,"DrugBefore_NO",0.00629835707657333,0.00979820459219568,0,0.333333333333333
"Bacteroides.Otu0929",4,"DrugBefore_YES",0.0155590005164271,0.0154538774751596,0.0129655678551771,0.857142857142857
"Bacteroidales.Otu0696",1,"DrugBefore_NO",0.000208254502434765,0.000593559763490829,0,0.3
"Bacteroidales.Otu0696",1,"DrugBefore_YES",8.15382474217173e-05,0.000208177795673569,0,0.153846153846154
"Bacteroidales.Otu0696",2,"DrugBefore_NO",0.0145360775521237,0.0309075849010381,0,0.285714285714286
"Bacteroidales.Otu0696",2,"DrugBefore_YES",0.000158227848101266,0.000500360389267149,0,0.1
"Bacteroidales.Otu0696",3,"DrugBefore_NO",0.00166322551043817,0.00407405382775362,0,0.166666666666667
"Bacteroidales.Otu0696",3,"DrugBefore_YES",1.05950161044245e-05,2.99672309368769e-05,0,0.125
"Bacteroidales.Otu0696",4,"DrugBefore_NO",0,0,0,0
"Bacteroidales.Otu0696",4,"DrugBefore_YES",4.36845278139389e-06,1.15578396736966e-05,0,0.142857142857143
"Clostridiales.Otu1597",1,"DrugBefore_NO",0.00526470403970996,0.0150918812149354,0,0.3
"Clostridiales.Otu1597",1,"DrugBefore_YES",7.24127943062854e-05,0.000261088042870939,0,0.0769230769230769
"Clostridiales.Otu1597",2,"DrugBefore_NO",0.00469759248385203,0.0124286614729987,0,0.142857142857143
"Clostridiales.Otu1597",2,"DrugBefore_YES",0,0,0,0
"Clostridiales.Otu1597",3,"DrugBefore_NO",0,0,0,0
"Clostridiales.Otu1597",3,"DrugBefore_YES",0,0,0,0
"Clostridiales.Otu1597",4,"DrugBefore_NO",0.000970604547975596,0.00237748588456493,0,0.166666666666667
"Clostridiales.Otu1597",4,"DrugBefore_YES",0,0,0,0
"Barnesiella.Otu2015",1,"DrugBefore_NO",2.37561692791704e-05,5.02966061193975e-05,0,0.2
"Barnesiella.Otu2015",1,"DrugBefore_YES",0.000298075738274875,0.00096613728085115,0,0.153846153846154
"Barnesiella.Otu2015",2,"DrugBefore_NO",0.000224257074823388,0.000462526857891571,0,0.285714285714286
"Barnesiella.Otu2015",2,"DrugBefore_YES",7.1921749136939e-06,2.27436540575977e-05,0,0.1
"Barnesiella.Otu2015",3,"DrugBefore_NO",0,0,0,0
"Barnesiella.Otu2015",3,"DrugBefore_YES",0.00975800983217495,0.0275998196928636,0,0.125
"Barnesiella.Otu2015",4,"DrugBefore_NO",0.00114081336909937,0.00279441064603884,0,0.166666666666667
"Barnesiella.Otu2015",4,"DrugBefore_YES",2.32137053716514e-05,6.14176914217139e-05,0,0.142857142857143
"Prevotella.Otu2227",1,"DrugBefore_NO",0.000374736951414016,0.000941007447411108,0,0.2
"Prevotella.Otu2227",1,"DrugBefore_YES",0.000273885319480935,0.000676803766718924,0,0.153846153846154
"Prevotella.Otu2227",2,"DrugBefore_NO",0.00314570925257948,0.00832276437924018,0,0.142857142857143
"Prevotella.Otu2227",2,"DrugBefore_YES",0.000992520138089758,0.00313862425994848,0,0.1
"Prevotella.Otu2227",3,"DrugBefore_NO",0.0024579687346377,0.00602076920357678,0,0.166666666666667
"Prevotella.Otu2227",3,"DrugBefore_YES",0.00021190032208849,0.000599344618737538,0,0.125
"Prevotella.Otu2227",4,"DrugBefore_NO",0,0,0,0
"Prevotella.Otu2227",4,"DrugBefore_YES",0,0,0,0
"Veillonella.Otu0362",1,"DrugBefore_NO",0.000897871682673558,0.00210487760153538,0,0.4
"Veillonella.Otu0362",1,"DrugBefore_YES",0.000135687320497354,0.000242141567428388,0,0.307692307692308
"Veillonella.Otu0362",2,"DrugBefore_NO",0.000962976980789085,0.00122591774354805,0.000412541254125413,0.714285714285714
"Veillonella.Otu0362",2,"DrugBefore_YES",0.00515277643836761,0.0160687800211342,2.8162667567872e-05,0.5
"Veillonella.Otu0362",3,"DrugBefore_NO",0.0155007436958838,0.0341196356836159,0.000594601022713759,0.5
"Veillonella.Otu0362",3,"DrugBefore_YES",0.000573333590673684,0.000784627868174669,0.000349403134654836,0.75
"Veillonella.Otu0362",4,"DrugBefore_NO",0.00179698664651062,0.00230559055635623,0.000774536931640492,0.833333333333333
"Veillonella.Otu0362",4,"DrugBefore_YES",7.72835939789639e-05,9.87507999923992e-05,0,0.428571428571429
"Prevotella.Otu1994",1,"DrugBefore_NO",0,0,0,0
"Prevotella.Otu1994",1,"DrugBefore_YES",0.00594728009340945,0.01789977690189,0,0.153846153846154
"Prevotella.Otu1994",2,"DrugBefore_NO",0,0,0,0
"Prevotella.Otu1994",2,"DrugBefore_YES",0.00690448791714614,0.0218339078952938,0,0.1
"Prevotella.Otu1994",3,"DrugBefore_NO",0,0,0,0
"Prevotella.Otu1994",3,"DrugBefore_YES",0.000867988705555132,0.00242354401931689,0,0.25
"Prevotella.Otu1994",4,"DrugBefore_NO",0,0,0,0
"Prevotella.Otu1994",4,"DrugBefore_YES",4.36845278139389e-06,1.15578396736966e-05,0,0.142857142857143
"Blautia.Otu0591",1,"DrugBefore_NO",0.00182111514006748,0.00282106986553873,0.00058610769602849,0.7
"Blautia.Otu0591",1,"DrugBefore_YES",0.000632098507023053,0.000646816688347369,0.000549148819330038,0.692307692307692
"Blautia.Otu0591",2,"DrugBefore_NO",0.00178193979344715,0.00306299123578705,0.000335739466174249,0.714285714285714
"Blautia.Otu0591",2,"DrugBefore_YES",0.0011955408507063,0.00160670557912513,0.000688025580585186,0.7
"Blautia.Otu0591",3,"DrugBefore_NO",0.0055748270812811,0.0087111731013112,0.00147442859999494,1
"Blautia.Otu0591",3,"DrugBefore_YES",0.00140607418655778,0.00174000529391958,0.000883560432710252,0.625
"Blautia.Otu0591",4,"DrugBefore_NO",0.000385204533096641,0.000212815751970845,0.000439319194976926,0.833333333333333
"Blautia.Otu0591",4,"DrugBefore_YES",0.00186277640735422,0.00310287958810217,0.000894254415381176,0.857142857142857
"Megamonas.Otu2657",1,"DrugBefore_NO",1.08944329447652e-05,3.44512219214335e-05,0,0.1
"Megamonas.Otu2657",1,"DrugBefore_YES",0.00159456666174516,0.00574929186106763,0,0.0769230769230769
"Megamonas.Otu2657",2,"DrugBefore_NO",0.0349737160113485,0.0777263570989149,0,0.285714285714286
"Megamonas.Otu2657",2,"DrugBefore_YES",0,0,0,0
"Megamonas.Otu2657",3,"DrugBefore_NO",0.00649188514357054,0.0159018060705025,0,0.166666666666667
"Megamonas.Otu2657",3,"DrugBefore_YES",0,0,0,0
"Megamonas.Otu2657",4,"DrugBefore_NO",0.00470200104831499,0.0115175033384033,0,0.166666666666667
"Megamonas.Otu2657",4,"DrugBefore_YES",7.86321500650899e-05,0.000208041114126539,0,0.142857142857143
"Prevotella.Otu1319",1,"DrugBefore_NO",0.00132617411834298,0.00405404496752608,0,0.3
"Prevotella.Otu1319",1,"DrugBefore_YES",0.000934851434687881,0.00246315128744595,0,0.153846153846154
"Prevotella.Otu1319",2,"DrugBefore_NO",0.0100802505382658,0.0266698360774763,0,0.142857142857143
"Prevotella.Otu1319",2,"DrugBefore_YES",0.00264672036823936,0.00836966469319594,0,0.1
"Prevotella.Otu1319",3,"DrugBefore_NO",0.00850457182184643,0.0208318614443757,0,0.166666666666667
"Prevotella.Otu1319",3,"DrugBefore_YES",0.00040261061196813,0.00113875477560132,0,0.125
"Prevotella.Otu1319",4,"DrugBefore_NO",0,0,0,0
"Prevotella.Otu1319",4,"DrugBefore_YES",0,0,0,0
"Bacteroides.Otu0200",1,"DrugBefore_NO",0.000512147279255943,0.000662200590435427,0.000266192194837559,0.6
"Bacteroides.Otu0200",1,"DrugBefore_YES",0.000790250264591035,0.00207861690990123,0,0.153846153846154
"Bacteroides.Otu0200",2,"DrugBefore_NO",0.00293025582620575,0.00550027457814598,0.000335739466174249,0.571428571428571
"Bacteroides.Otu0200",2,"DrugBefore_YES",5.56730876294399e-06,1.76053761283174e-05,0,0.1
"Bacteroides.Otu0200",3,"DrugBefore_NO",0.0120112738832629,0.0294214921748119,0,0.166666666666667
"Bacteroides.Otu0200",3,"DrugBefore_YES",0.0048845477631471,0.00984809762170447,0,0.375
"Bacteroides.Otu0200",4,"DrugBefore_NO",0.000306718935373271,0.000706958980453651,0,0.333333333333333
"Bacteroides.Otu0200",4,"DrugBefore_YES",0.000101845855436741,0.000206867356059626,0,0.285714285714286
"Prevotella.Otu1987",1,"DrugBefore_NO",0.0576987621809605,0.148014077637948,0,0.4
"Prevotella.Otu1987",1,"DrugBefore_YES",0.0108956442039791,0.0291061875466387,0,0.153846153846154
"Prevotella.Otu1987",2,"DrugBefore_NO",0.0499074097818702,0.104419574707396,0,0.428571428571429
"Prevotella.Otu1987",2,"DrugBefore_YES",0.0193305766744659,0.0596582787717487,1.93154600942594e-05,0.5
"Prevotella.Otu1987",3,"DrugBefore_NO",0.0400894700619408,0.0981987457103373,0,0.166666666666667
"Prevotella.Otu1987",3,"DrugBefore_YES",0.00273110630991849,0.0076302169083062,0,0.25
"Prevotella.Otu1987",4,"DrugBefore_NO",1.54163968797213e-05,3.77623060275518e-05,0,0.166666666666667
"Prevotella.Otu1987",4,"DrugBefore_YES",6.41320165545164e-05,0.000113646414847015,0,0.428571428571429
"Lactobacillus.Otu1332",1,"DrugBefore_NO",0.00015291543218183,0.0002881063650066,0,0.3
"Lactobacillus.Otu1332",1,"DrugBefore_YES",0,0,0,0
"Lactobacillus.Otu1332",2,"DrugBefore_NO",0.1424456879526,0.37687586565609,0,0.142857142857143
"Lactobacillus.Otu1332",2,"DrugBefore_YES",5.56730876294399e-06,1.76053761283174e-05,0,0.1
"Lactobacillus.Otu1332",3,"DrugBefore_NO",0.000879953439790259,0.00190942232228293,0,0.333333333333333
"Lactobacillus.Otu1332",3,"DrugBefore_YES",0,0,0,0
"Lactobacillus.Otu1332",4,"DrugBefore_NO",5.3642313056539e-05,0.000131396295611156,0,0.166666666666667
"Lactobacillus.Otu1332",4,"DrugBefore_YES",0,0,0,0
"Parabacteroides.Otu1736",1,"DrugBefore_NO",0.00386615681226715,0.00613403375282927,0.000145530259788477,0.6
"Parabacteroides.Otu1736",1,"DrugBefore_YES",0.0414166122848203,0.131660353370867,0.000132790368271955,0.538461538461538
"Parabacteroides.Otu1736",2,"DrugBefore_NO",0.0177029858432529,0.0460411631973844,0.000489332550401253,0.571428571428571
"Parabacteroides.Otu1736",2,"DrugBefore_YES",0.0700067096983696,0.210795028924626,0,0.4
"Parabacteroides.Otu1736",3,"DrugBefore_NO",0.00700660712362853,0.0149273792884515,0,0.333333333333333
"Parabacteroides.Otu1736",3,"DrugBefore_YES",0.039642458914295,0.0614640425477624,0.0062409745476107,0.625
"Parabacteroides.Otu1736",4,"DrugBefore_NO",0.000632147291060406,0.00101705426942972,0,0.333333333333333
"Parabacteroides.Otu1736",4,"DrugBefore_YES",0.0017703535142212,0.0035099471239403,0,0.428571428571429
"Enterococcus.Otu1019",1,"DrugBefore_NO",0.00737175833111889,0.0226367311793878,0,0.4
"Enterococcus.Otu1019",1,"DrugBefore_YES",0.000285976525067945,0.000917219365178028,0,0.153846153846154
"Enterococcus.Otu1019",2,"DrugBefore_NO",0.000423450394767413,0.000639509679125586,0,0.428571428571429
"Enterococcus.Otu1019",2,"DrugBefore_YES",0.0712678546469849,0.224310769573028,0,0.4
"Enterococcus.Otu1019",3,"DrugBefore_NO",0.00031210986267166,0.000764509907235698,0,0.166666666666667
"Enterococcus.Otu1019",3,"DrugBefore_YES",0.000238223817738326,0.000430569521478066,0,0.375
"Enterococcus.Otu1019",4,"DrugBefore_NO",5.19372597901735e-05,0.000127219785124295,0,0.166666666666667
"Enterococcus.Otu1019",4,"DrugBefore_YES",0.000310160147478966,0.000820606616832461,0,0.142857142857143
"Lachnospiracea_incertae_sedis.Otu0651",1,"DrugBefore_NO",0.000448192093946587,0.000661140416076252,6.07053967097675e-05,0.5
"Lachnospiracea_incertae_sedis.Otu0651",1,"DrugBefore_YES",0.00156185141183395,0.00321159050004394,8.6587583340549e-05,0.538461538461538
"Lachnospiracea_incertae_sedis.Otu0651",2,"DrugBefore_NO",0.000430682436684856,0.000502981742833126,0.000335739466174249,0.571428571428571
"Lachnospiracea_incertae_sedis.Otu0651",2,"DrugBefore_YES",0.0145614467008773,0.030018558666572,0.000792745318907998,0.8
"Lachnospiracea_incertae_sedis.Otu0651",3,"DrugBefore_NO",0.0307104579991076,0.0739548518195632,0.000467014059581162,0.5
"Lachnospiracea_incertae_sedis.Otu0651",3,"DrugBefore_YES",0.0128028791587335,0.0196765189861508,0.00435835639087088,0.625
"Lachnospiracea_incertae_sedis.Otu0651",4,"DrugBefore_NO",0.00185268220889642,0.00301898671803853,0.000393070004337762,0.833333333333333
"Lachnospiracea_incertae_sedis.Otu0651",4,"DrugBefore_YES",0.00667405859693002,0.0131685481156536,0.000892259647557439,0.714285714285714
"Prevotella.Otu1803",1,"DrugBefore_NO",0.00384724464923021,0.00892092673414048,0,0.3
"Prevotella.Otu1803",1,"DrugBefore_YES",0.00131100015449469,0.00364409054851321,0,0.230769230769231
"Prevotella.Otu1803",2,"DrugBefore_NO",0.0113385342392976,0.0299989418291724,0,0.142857142857143
"Prevotella.Otu1803",2,"DrugBefore_YES",0.00294159953970081,0.00930215450955744,0,0.1
"Prevotella.Otu1803",3,"DrugBefore_NO",0.00993838691705175,0.0243439768131288,0,0.166666666666667
"Prevotella.Otu1803",3,"DrugBefore_YES",0.000731056111205289,0.00206773893464451,0,0.125
"Prevotella.Otu1803",4,"DrugBefore_NO",0,0,0,0
"Prevotella.Otu1803",4,"DrugBefore_YES",1.0645885897395e-05,2.81663665704767e-05,0,0.142857142857143
"Prevotella.Otu0738",1,"DrugBefore_NO",0.0097703809585714,0.0307163168245977,0,0.2
"Prevotella.Otu0738",1,"DrugBefore_YES",0.00113495512447172,0.00409213889663341,0,0.0769230769230769
"Prevotella.Otu0738",2,"DrugBefore_NO",0.000125828370103179,0.000332910575169607,0,0.142857142857143
"Prevotella.Otu0738",2,"DrugBefore_YES",7.02968829861891e-05,0.000203490309084764,0,0.2
"Prevotella.Otu0738",3,"DrugBefore_NO",0.000131091665847344,0.000321107690857428,0,0.166666666666667
"Prevotella.Otu0738",3,"DrugBefore_YES",4.23800644176979e-05,0.000119868923747508,0,0.125
"Prevotella.Otu0738",4,"DrugBefore_NO",0,0,0,0
"Prevotella.Otu0738",4,"DrugBefore_YES",0,0,0,0
"Prevotella.Otu0773",1,"DrugBefore_NO",0.00165844333014581,0.00520193882538993,0,0.2
"Prevotella.Otu0773",1,"DrugBefore_YES",0.00053701365921629,0.00182493194314366,0,0.153846153846154
"Prevotella.Otu0773",2,"DrugBefore_NO",0.00550848642451696,0.0145740851796472,0,0.142857142857143
"Prevotella.Otu0773",2,"DrugBefore_YES",0.000158227848101266,0.000500360389267149,0,0.1
"Prevotella.Otu0773",3,"DrugBefore_NO",0.00339199685380002,0.00830866150093596,0,0.166666666666667
"Prevotella.Otu0773",3,"DrugBefore_YES",3.17850483132734e-05,8.99016928106307e-05,0,0.125
"Prevotella.Otu0773",4,"DrugBefore_NO",0,0,0,0
"Prevotella.Otu0773",4,"DrugBefore_YES",0,0,0,0
"Bacteria.Otu0435",1,"DrugBefore_NO",0.00801489022259363,0.0253453082996098,0,0.1
"Bacteria.Otu0435",1,"DrugBefore_YES",0,0,0,0
"Bacteria.Otu0435",2,"DrugBefore_NO",0,0,0,0
"Bacteria.Otu0435",2,"DrugBefore_YES",0,0,0,0
"Bacteria.Otu0435",3,"DrugBefore_NO",0,0,0,0
"Bacteria.Otu0435",3,"DrugBefore_YES",0,0,0,0
"Bacteria.Otu0435",4,"DrugBefore_NO",0,0,0,0
"Bacteria.Otu0435",4,"DrugBefore_YES",0,0,0,0
"Burkholderiales.Otu0023",1,"DrugBefore_NO",0,0,0,0
"Burkholderiales.Otu0023",1,"DrugBefore_YES",0.000572865281181375,0.00206549514523255,0,0.0769230769230769
"Burkholderiales.Otu0023",2,"DrugBefore_NO",0,0,0,0
"Burkholderiales.Otu0023",2,"DrugBefore_YES",0.00558957799799577,0.0176757976328307,0,0.1
"Burkholderiales.Otu0023",3,"DrugBefore_NO",0,0,0,0
"Burkholderiales.Otu0023",3,"DrugBefore_YES",0,0,0,0
"Burkholderiales.Otu0023",4,"DrugBefore_NO",0,0,0,0
"Burkholderiales.Otu0023",4,"DrugBefore_YES",0,0,0,0
